time	H2	O2	H2O		OH		H		HO2		O		N2
0	0.5	0.5	0		0		2.83495e-014	5.9534e-029	1.21798e-014	0.1
1	0.5	0.5	0		1.27145e-029	5.66991e-014	1.78602e-028	2.43595e-014	0.1
2	0.5	0.5	3.99837e-045	3.81436e-029	8.50486e-014	3.57204e-028	3.65393e-014	0.1
3	0.5	0.5	1.59935e-044	7.62873e-029	1.13398e-013	5.9534e-028	4.87191e-014	0.1
4	0.5	0.5	3.99837e-044	1.27145e-028	1.41748e-013	8.9301e-028	6.08989e-014	0.1
5	0.5	0.5	7.99674e-044	1.90718e-028	1.70097e-013	1.25021e-027	7.30786e-014	0.1
6	0.5	0.5	1.39943e-043	2.67006e-028	1.98447e-013	1.66695e-027	8.52584e-014	0.1
7	0.5	0.5	2.23909e-043	3.56007e-028	2.26796e-013	2.14322e-027	9.74382e-014	0.1
8	0.5	0.5	3.35863e-043	4.57724e-028	2.55146e-013	2.67903e-027	1.09618e-013	0.1
9	0.5	0.5	4.79804e-043	5.72155e-028	2.83495e-013	3.27437e-027	1.21798e-013	0.1
10	0.5	0.5	6.59731e-043	6.993e-028	3.11845e-013	3.92924e-027	1.33977e-013	0.1
11	0.5	0.5	8.79641e-043	8.3916e-028	3.40194e-013	4.64365e-027	1.46157e-013	0.1
12	0.5	0.5	1.14353e-042	9.91735e-028	3.68544e-013	5.41759e-027	1.58337e-013	0.1
13	0.5	0.5	1.45541e-042	1.15702e-027	3.96893e-013	6.25107e-027	1.70517e-013	0.1
14	0.5	0.5	1.81926e-042	1.33503e-027	4.25243e-013	7.14408e-027	1.82697e-013	0.1
15	0.5	0.5	2.23909e-042	1.52575e-027	4.53592e-013	8.09663e-027	1.94876e-013	0.1
16	0.5	0.5	2.71889e-042	1.72918e-027	4.81942e-013	9.1087e-027	2.07056e-013	0.1
17	0.5	0.5	3.26267e-042	1.94533e-027	5.10291e-013	1.01803e-026	2.19236e-013	0.1
18	0.5	0.5	3.87442e-042	2.17419e-027	5.38641e-013	1.13115e-026	2.31416e-013	0.1
19	0.5	0.5	4.55814e-042	2.41576e-027	5.66991e-013	1.25021e-026	2.43595e-013	0.1
20	0.5	0.5	5.31783e-042	2.67006e-027	5.9534e-013	1.37524e-026	2.55775e-013	0.1
21	0.5	0.5	6.15749e-042	2.93706e-027	6.2369e-013	1.50621e-026	2.67955e-013	0.1
22	0.5	0.5	7.08111e-042	3.21678e-027	6.52039e-013	1.64314e-026	2.80135e-013	0.1
23	0.5	0.5	8.0927e-042	3.50922e-027	6.80389e-013	1.78602e-026	2.92315e-013	0.1
24	0.5	0.5	9.19625e-042	3.81436e-027	7.08738e-013	1.93486e-026	3.04494e-013	0.1
25	0.5	0.5	1.03958e-041	4.13223e-027	7.37088e-013	2.08964e-026	3.16674e-013	0.1
26	0.5	0.5	1.16952e-041	4.46281e-027	7.65437e-013	2.25039e-026	3.28854e-013	0.1
27	0.5	0.5	1.30987e-041	4.8061e-027	7.93787e-013	2.41708e-026	3.41034e-013	0.1
28	0.5	0.5	1.461e-041	5.16211e-027	8.22136e-013	2.58973e-026	3.53213e-013	0.1
29	0.5	0.5	1.62334e-041	5.53083e-027	8.50486e-013	2.76833e-026	3.65393e-013	0.1
30	0.5	0.5	1.79727e-041	5.91226e-027	8.78835e-013	2.95289e-026	3.77573e-013	0.1
31	0.5	0.5	1.98319e-041	6.30642e-027	9.07185e-013	3.1434e-026	3.89753e-013	0.1
32	0.5	0.5	2.18151e-041	6.71328e-027	9.35534e-013	3.33986e-026	4.01932e-013	0.1
33	0.5	0.5	2.39262e-041	7.13286e-027	9.63884e-013	3.54227e-026	4.14112e-013	0.1
34	0.5	0.5	2.61693e-041	7.56516e-027	9.92233e-013	3.75064e-026	4.26292e-013	0.1
35	0.5	0.5	2.85484e-041	8.01017e-027	1.02058e-012	3.96496e-026	4.38472e-013	0.1
36	0.5	0.5	3.10673e-041	8.46789e-027	1.04893e-012	4.18524e-026	4.50652e-013	0.1
37	0.5	0.5	3.37302e-041	8.93833e-027	1.07728e-012	4.41147e-026	4.62831e-013	0.1
38	0.5	0.5	3.65411e-041	9.42148e-027	1.10563e-012	4.64365e-026	4.75011e-013	0.1
39	0.5	0.5	3.95039e-041	9.91735e-027	1.13398e-012	4.88179e-026	4.87191e-013	0.1
40	0.5	0.5	4.26226e-041	1.04259e-026	1.16233e-012	5.12588e-026	4.99371e-013	0.1
41	0.5	0.5	4.59013e-041	1.09472e-026	1.19068e-012	5.37592e-026	5.1155e-013	0.1
42	0.5	0.5	4.93439e-041	1.14812e-026	1.21903e-012	5.63192e-026	5.2373e-013	0.1
43	0.5	0.5	5.29544e-041	1.2028e-026	1.24738e-012	5.89387e-026	5.3591e-013	0.1
44	0.5	0.5	5.67369e-041	1.25874e-026	1.27573e-012	6.16177e-026	5.4809e-013	0.1
45	0.5	0.5	6.06952e-041	1.31596e-026	1.30408e-012	6.43563e-026	5.6027e-013	0.1
46	0.5	0.5	6.48335e-041	1.37444e-026	1.33243e-012	6.71544e-026	5.72449e-013	0.1
47	0.5	0.5	6.91558e-041	1.4342e-026	1.36078e-012	7.0012e-026	5.84629e-013	0.1
48	0.5	0.5	7.36659e-041	1.49523e-026	1.38913e-012	7.29292e-026	5.96809e-013	0.1
49	0.5	0.5	7.8368e-041	1.55753e-026	1.41748e-012	7.59059e-026	6.08989e-013	0.1
50	0.5	0.5	8.3266e-041	1.6211e-026	1.44583e-012	7.89421e-026	6.21168e-013	0.1
51	0.5	0.5	8.83639e-041	1.68595e-026	1.47418e-012	8.20379e-026	6.33348e-013	0.1
52	0.5	0.5	9.36658e-041	1.75206e-026	1.50252e-012	8.51932e-026	6.45528e-013	0.1
53	0.5	0.5	9.91755e-041	1.81945e-026	1.53087e-012	8.8408e-026	6.57708e-013	0.1
54	0.5	0.5	1.04897e-040	1.88811e-026	1.55922e-012	9.16824e-026	6.69887e-013	0.1
55	0.5	0.5	1.10835e-040	1.95804e-026	1.58757e-012	9.50163e-026	6.82067e-013	0.1
56	0.5	0.5	1.16992e-040	2.02924e-026	1.61592e-012	9.84097e-026	6.94247e-013	0.1
57	0.5	0.5	1.23374e-040	2.10171e-026	1.64427e-012	1.01863e-025	7.06427e-013	0.1
58	0.5	0.5	1.29983e-040	2.17546e-026	1.67262e-012	1.05375e-025	7.18607e-013	0.1
59	0.5	0.5	1.36824e-040	2.25048e-026	1.70097e-012	1.08947e-025	7.30786e-013	0.1
60	0.5	0.5	1.43901e-040	2.32676e-026	1.72932e-012	1.12579e-025	7.42966e-013	0.1
61	0.5	0.5	1.51218e-040	2.40432e-026	1.75767e-012	1.1627e-025	7.55146e-013	0.1
62	0.5	0.5	1.58779e-040	2.48315e-026	1.78602e-012	1.20021e-025	7.67326e-013	0.1
63	0.5	0.5	1.66588e-040	2.56325e-026	1.81437e-012	1.23831e-025	7.79505e-013	0.1
64	0.5	0.5	1.74649e-040	2.64463e-026	1.84272e-012	1.277e-025	7.91685e-013	0.1
65	0.5	0.5	1.82965e-040	2.72727e-026	1.87107e-012	1.3163e-025	8.03865e-013	0.1
66	0.5	0.5	1.91542e-040	2.81119e-026	1.89942e-012	1.35618e-025	8.16045e-013	0.1
67	0.5	0.5	2.00382e-040	2.89637e-026	1.92777e-012	1.39667e-025	8.28225e-013	0.1
68	0.5	0.5	2.09491e-040	2.98283e-026	1.95612e-012	1.43775e-025	8.40404e-013	0.1
69	0.5	0.5	2.18871e-040	3.07056e-026	1.98447e-012	1.47942e-025	8.52584e-013	0.1
70	0.5	0.5	2.28527e-040	3.15957e-026	2.01282e-012	1.52169e-025	8.64764e-013	0.1
71	0.5	0.5	2.38463e-040	3.24984e-026	2.04117e-012	1.56455e-025	8.76944e-013	0.1
72	0.5	0.5	2.48683e-040	3.34138e-026	2.06952e-012	1.60801e-025	8.89123e-013	0.1
73	0.5	0.5	2.5919e-040	3.4342e-026	2.09787e-012	1.65207e-025	9.01303e-013	0.1
74	0.5	0.5	2.6999e-040	3.52829e-026	2.12621e-012	1.69672e-025	9.13483e-013	0.1
75	0.5	0.5	2.81085e-040	3.62365e-026	2.15456e-012	1.74197e-025	9.25663e-013	0.1
76	0.5	0.5	2.92481e-040	3.72028e-026	2.18291e-012	1.78781e-025	9.37842e-013	0.1
77	0.5	0.5	3.0418e-040	3.81818e-026	2.21126e-012	1.83424e-025	9.50022e-013	0.1
78	0.5	0.5	3.16187e-040	3.91735e-026	2.23961e-012	1.88127e-025	9.62202e-013	0.1
79	0.5	0.5	3.28506e-040	4.0178e-026	2.26796e-012	1.9289e-025	9.74382e-013	0.1
80	0.5	0.5	3.41141e-040	4.11951e-026	2.29631e-012	1.97712e-025	9.86562e-013	0.1
81	0.5	0.5	3.54096e-040	4.2225e-026	2.32466e-012	2.02594e-025	9.98741e-013	0.1
82	0.5	0.5	3.67374e-040	4.32676e-026	2.35301e-012	2.07536e-025	1.01092e-012	0.1
83	0.5	0.5	3.80981e-040	4.43229e-026	2.38136e-012	2.12536e-025	1.0231e-012	0.1
84	0.5	0.5	3.94919e-040	4.53909e-026	2.40971e-012	2.17597e-025	1.03528e-012	0.1
85	0.5	0.5	4.09193e-040	4.64717e-026	2.43806e-012	2.22717e-025	1.04746e-012	0.1
86	0.5	0.5	4.23807e-040	4.75651e-026	2.46641e-012	2.27896e-025	1.05964e-012	0.1
87	0.5	0.5	4.38765e-040	4.86713e-026	2.49476e-012	2.33135e-025	1.07182e-012	0.1
88	0.5	0.5	4.54071e-040	4.97902e-026	2.52311e-012	2.38434e-025	1.084e-012	0.1
89	0.5	0.5	4.69728e-040	5.09218e-026	2.55146e-012	2.43792e-025	1.09618e-012	0.1
90	0.5	0.5	4.85742e-040	5.20661e-026	2.57981e-012	2.49209e-025	1.10836e-012	0.1
91	0.5	0.5	5.02115e-040	5.32231e-026	2.60816e-012	2.54686e-025	1.12054e-012	0.1
92	0.5	0.5	5.18852e-040	5.43928e-026	2.63651e-012	2.60223e-025	1.13272e-012	0.1
93	0.5	0.5	5.35957e-040	5.55753e-026	2.66486e-012	2.65819e-025	1.1449e-012	0.1
94	0.5	0.5	5.53434e-040	5.67705e-026	2.69321e-012	2.71475e-025	1.15708e-012	0.1
95	0.5	0.5	5.71287e-040	5.79783e-026	2.72155e-012	2.7719e-025	1.16926e-012	0.1
96	0.5	0.5	5.89519e-040	5.91989e-026	2.7499e-012	2.82965e-025	1.18144e-012	0.1
97	0.5	0.5	6.08136e-040	6.04322e-026	2.77825e-012	2.88799e-025	1.19362e-012	0.1
98	0.5	0.5	6.2714e-040	6.16783e-026	2.8066e-012	2.94693e-025	1.2058e-012	0.1
99	0.5	0.5	6.46536e-040	6.2937e-026	2.83495e-012	3.00647e-025	1.21798e-012	0.1
100	0.5	0.5	6.66328e-040	6.42085e-026	2.8633e-012	3.0666e-025	1.23016e-012	0.1
101	0.5	0.5	6.8652e-040	6.54926e-026	2.89165e-012	3.12732e-025	1.24234e-012	0.1
102	0.5	0.5	7.07115e-040	6.67895e-026	2.92e-012	3.18864e-025	1.25452e-012	0.1
103	0.5	0.5	7.28119e-040	6.80991e-026	2.94835e-012	3.25056e-025	1.2667e-012	0.1
104	0.5	0.5	7.49534e-040	6.94214e-026	2.9767e-012	3.31307e-025	1.27888e-012	0.1
105	0.5	0.5	7.71365e-040	7.07565e-026	3.00505e-012	3.37617e-025	1.29106e-012	0.1
106	0.5	0.5	7.93616e-040	7.21042e-026	3.0334e-012	3.43987e-025	1.30324e-012	0.1
107	0.5	0.5	8.16291e-040	7.34647e-026	3.06175e-012	3.50417e-025	1.31542e-012	0.1
108	0.5	0.5	8.39394e-040	7.48378e-026	3.0901e-012	3.56906e-025	1.3276e-012	0.1
109	0.5	0.5	8.62928e-040	7.62237e-026	3.11845e-012	3.63455e-025	1.33977e-012	0.1
110	0.5	0.5	8.86898e-040	7.76223e-026	3.1468e-012	3.70063e-025	1.35195e-012	0.1
111	0.5	0.5	9.11308e-040	7.90336e-026	3.17515e-012	3.76731e-025	1.36413e-012	0.1
112	0.5	0.5	9.36162e-040	8.04577e-026	3.2035e-012	3.83459e-025	1.37631e-012	0.1
113	0.5	0.5	9.61464e-040	8.18944e-026	3.23185e-012	3.90245e-025	1.38849e-012	0.1
114	0.5	0.5	9.87217e-040	8.33439e-026	3.2602e-012	3.97092e-025	1.40067e-012	0.1
115	0.5	0.5	1.01343e-039	8.4806e-026	3.28855e-012	4.03998e-025	1.41285e-012	0.1
116	0.5	0.5	1.0401e-039	8.62809e-026	3.31689e-012	4.10963e-025	1.42503e-012	0.1
117	0.5	0.5	1.06723e-039	8.77685e-026	3.34524e-012	4.17988e-025	1.43721e-012	0.1
118	0.5	0.5	1.09483e-039	8.92688e-026	3.37359e-012	4.25073e-025	1.44939e-012	0.1
119	0.5	0.5	1.1229e-039	9.07819e-026	3.40194e-012	4.32217e-025	1.46157e-012	0.1
120	0.5	0.5	1.15145e-039	9.23076e-026	3.43029e-012	4.39421e-025	1.47375e-012	0.1
121	0.5	0.5	1.18048e-039	9.38461e-026	3.45864e-012	4.46684e-025	1.48593e-012	0.1
122	0.5	0.5	1.20999e-039	9.53973e-026	3.48699e-012	4.54006e-025	1.49811e-012	0.1
123	0.5	0.5	1.23999e-039	9.69611e-026	3.51534e-012	4.61389e-025	1.51029e-012	0.1
124	0.5	0.5	1.27048e-039	9.85377e-026	3.54369e-012	4.6883e-025	1.52247e-012	0.1
125	0.5	0.5	1.30147e-039	1.00127e-025	3.57204e-012	4.76332e-025	1.53465e-012	0.1
126	0.5	0.5	1.33296e-039	1.01729e-025	3.60039e-012	4.83892e-025	1.54683e-012	0.1
127	0.5	0.5	1.36495e-039	1.03344e-025	3.62874e-012	4.91513e-025	1.55901e-012	0.1
128	0.5	0.5	1.39745e-039	1.04971e-025	3.65709e-012	4.99193e-025	1.57119e-012	0.1
129	0.5	0.5	1.43046e-039	1.06611e-025	3.68544e-012	5.06932e-025	1.58337e-012	0.1
130	0.5	0.5	1.46398e-039	1.08264e-025	3.71379e-012	5.14731e-025	1.59555e-012	0.1
131	0.5	0.5	1.49803e-039	1.0993e-025	3.74214e-012	5.2259e-025	1.60773e-012	0.1
132	0.5	0.5	1.5326e-039	1.11608e-025	3.77049e-012	5.30508e-025	1.61991e-012	0.1
133	0.5	0.5	1.5677e-039	1.13299e-025	3.79884e-012	5.38485e-025	1.63209e-012	0.1
134	0.5	0.5	1.60333e-039	1.15003e-025	3.82719e-012	5.46522e-025	1.64427e-012	0.1
135	0.5	0.5	1.63949e-039	1.1672e-025	3.85554e-012	5.54619e-025	1.65645e-012	0.1
136	0.5	0.5	1.6762e-039	1.18449e-025	3.88389e-012	5.62775e-025	1.66863e-012	0.1
137	0.5	0.5	1.71344e-039	1.20191e-025	3.91223e-012	5.70991e-025	1.68081e-012	0.1
138	0.5	0.5	1.75124e-039	1.21945e-025	3.94058e-012	5.79266e-025	1.69299e-012	0.1
139	0.5	0.5	1.78959e-039	1.23713e-025	3.96893e-012	5.87601e-025	1.70517e-012	0.1
140	0.5	0.5	1.82849e-039	1.25493e-025	3.99728e-012	5.95995e-025	1.71735e-012	0.1
141	0.5	0.5	1.86796e-039	1.27285e-025	4.02563e-012	6.04449e-025	1.72953e-012	0.1
142	0.5	0.5	1.90799e-039	1.29091e-025	4.05398e-012	6.12962e-025	1.74171e-012	0.1
143	0.5	0.5	1.94858e-039	1.30909e-025	4.08233e-012	6.21535e-025	1.75389e-012	0.1
144	0.5	0.5	1.98975e-039	1.3274e-025	4.11068e-012	6.30167e-025	1.76607e-012	0.1
145	0.5	0.5	2.03149e-039	1.34583e-025	4.13903e-012	6.38859e-025	1.77825e-012	0.1
146	0.5	0.5	2.07381e-039	1.3644e-025	4.16738e-012	6.47611e-025	1.79043e-012	0.1
147	0.5	0.5	2.11672e-039	1.38309e-025	4.19573e-012	6.56422e-025	1.80261e-012	0.1
148	0.5	0.5	2.16021e-039	1.40191e-025	4.22408e-012	6.65293e-025	1.81479e-012	0.1
149	0.5	0.5	2.2043e-039	1.42085e-025	4.25243e-012	6.74223e-025	1.82697e-012	0.1
150	0.5	0.5	2.24898e-039	1.43992e-025	4.28078e-012	6.83212e-025	1.83915e-012	0.1
151	0.5	0.5	2.29426e-039	1.45912e-025	4.30913e-012	6.92261e-025	1.85133e-012	0.1
152	0.5	0.5	2.34015e-039	1.47845e-025	4.33748e-012	7.0137e-025	1.86351e-012	0.1
153	0.5	0.5	2.38664e-039	1.4979e-025	4.36583e-012	7.10538e-025	1.87568e-012	0.1
154	0.5	0.5	2.43375e-039	1.51748e-025	4.39418e-012	7.19766e-025	1.88786e-012	0.1
155	0.5	0.5	2.48147e-039	1.53719e-025	4.42253e-012	7.29053e-025	1.90004e-012	0.1
156	0.5	0.5	2.52981e-039	1.55702e-025	4.45088e-012	7.384e-025	1.91222e-012	0.1
157	0.5	0.5	2.57877e-039	1.57699e-025	4.47923e-012	7.47807e-025	1.9244e-012	0.1
158	0.5	0.5	2.62836e-039	1.59707e-025	4.50757e-012	7.57273e-025	1.93658e-012	0.1
159	0.5	0.5	2.67859e-039	1.61729e-025	4.53592e-012	7.66798e-025	1.94876e-012	0.1
160	0.5	0.5	2.72945e-039	1.63763e-025	4.56427e-012	7.76383e-025	1.96094e-012	0.1
161	0.5	0.5	2.78095e-039	1.6581e-025	4.59262e-012	7.86028e-025	1.97312e-012	0.1
162	0.5	0.5	2.83309e-039	1.6787e-025	4.62097e-012	7.95732e-025	1.9853e-012	0.1
163	0.5	0.5	2.88588e-039	1.69943e-025	4.64932e-012	8.05495e-025	1.99748e-012	0.1
164	0.5	0.5	2.93932e-039	1.72028e-025	4.67767e-012	8.15318e-025	2.00966e-012	0.1
165	0.5	0.5	2.99342e-039	1.74126e-025	4.70602e-012	8.25201e-025	2.02184e-012	0.1
166	0.5	0.5	3.04818e-039	1.76236e-025	4.73437e-012	8.35143e-025	2.03402e-012	0.1
167	0.5	0.5	3.1036e-039	1.7836e-025	4.76272e-012	8.45145e-025	2.0462e-012	0.1
168	0.5	0.5	3.15969e-039	1.80496e-025	4.79107e-012	8.55206e-025	2.05838e-012	0.1
169	0.5	0.5	3.21645e-039	1.82644e-025	4.81942e-012	8.65327e-025	2.07056e-012	0.1
170	0.5	0.5	3.27388e-039	1.84806e-025	4.84777e-012	8.75507e-025	2.08274e-012	0.1
171	0.5	0.5	3.332e-039	1.8698e-025	4.87612e-012	8.85747e-025	2.09492e-012	0.1
172	0.5	0.5	3.3908e-039	1.89167e-025	4.90447e-012	8.96046e-025	2.1071e-012	0.1
173	0.5	0.5	3.45029e-039	1.91367e-025	4.93282e-012	9.06405e-025	2.11928e-012	0.1
174	0.5	0.5	3.51047e-039	1.93579e-025	4.96117e-012	9.16824e-025	2.13146e-012	0.1
175	0.5	0.5	3.57134e-039	1.95804e-025	4.98952e-012	9.27302e-025	2.14364e-012	0.1
176	0.5	0.5	3.63292e-039	1.98042e-025	5.01787e-012	9.37839e-025	2.15582e-012	0.1
177	0.5	0.5	3.6952e-039	2.00292e-025	5.04622e-012	9.48436e-025	2.168e-012	0.1
178	0.5	0.5	3.75818e-039	2.02555e-025	5.07457e-012	9.59093e-025	2.18018e-012	0.1
179	0.5	0.5	3.82188e-039	2.04831e-025	5.10291e-012	9.69809e-025	2.19236e-012	0.1
180	0.5	0.5	3.88629e-039	2.0712e-025	5.13126e-012	9.80585e-025	2.20454e-012	0.1
181	0.5	0.5	3.95143e-039	2.09421e-025	5.15961e-012	9.9142e-025	2.21672e-012	0.1
182	0.5	0.5	4.01728e-039	2.11735e-025	5.18796e-012	1.00231e-024	2.2289e-012	0.1
183	0.5	0.5	4.08387e-039	2.14062e-025	5.21631e-012	1.01327e-024	2.24108e-012	0.1
184	0.5	0.5	4.15119e-039	2.16402e-025	5.24466e-012	1.02428e-024	2.25326e-012	0.1
185	0.5	0.5	4.21924e-039	2.18754e-025	5.27301e-012	1.03536e-024	2.26544e-012	0.1
186	0.5	0.5	4.28803e-039	2.21119e-025	5.30136e-012	1.04649e-024	2.27762e-012	0.1
187	0.5	0.5	4.35757e-039	2.23496e-025	5.32971e-012	1.05768e-024	2.2898e-012	0.1
188	0.5	0.5	4.42785e-039	2.25887e-025	5.35806e-012	1.06893e-024	2.30198e-012	0.1
189	0.5	0.5	4.49888e-039	2.2829e-025	5.38641e-012	1.08024e-024	2.31416e-012	0.1
190	0.5	0.5	4.57068e-039	2.30705e-025	5.41476e-012	1.09162e-024	2.32634e-012	0.1
191	0.5	0.5	4.64323e-039	2.33134e-025	5.44311e-012	1.10305e-024	2.33852e-012	0.1
192	0.5	0.5	4.71654e-039	2.35575e-025	5.47146e-012	1.11454e-024	2.3507e-012	0.1
193	0.5	0.5	4.79062e-039	2.38029e-025	5.49981e-012	1.12609e-024	2.36288e-012	0.1
194	0.5	0.5	4.86547e-039	2.40496e-025	5.52816e-012	1.13769e-024	2.37506e-012	0.1
195	0.5	0.5	4.9411e-039	2.42975e-025	5.55651e-012	1.14936e-024	2.38724e-012	0.1
196	0.5	0.5	5.01751e-039	2.45467e-025	5.58486e-012	1.16109e-024	2.39942e-012	0.1
197	0.5	0.5	5.09471e-039	2.47972e-025	5.61321e-012	1.17288e-024	2.41159e-012	0.1
198	0.5	0.5	5.17269e-039	2.50489e-025	5.64156e-012	1.18473e-024	2.42377e-012	0.1
199	0.5	0.5	5.25146e-039	2.5302e-025	5.66991e-012	1.19663e-024	2.43595e-012	0.1
200	0.5	0.5	5.33102e-039	2.55562e-025	5.69826e-012	1.2086e-024	2.44813e-012	0.1
201	0.5	0.5	5.41139e-039	2.58118e-025	5.7266e-012	1.22063e-024	2.46031e-012	0.1
202	0.5	0.5	5.49256e-039	2.60686e-025	5.75495e-012	1.23271e-024	2.47249e-012	0.1
203	0.5	0.5	5.57454e-039	2.63267e-025	5.7833e-012	1.24486e-024	2.48467e-012	0.1
204	0.5	0.5	5.65733e-039	2.65861e-025	5.81165e-012	1.25706e-024	2.49685e-012	0.1
205	0.5	0.5	5.74094e-039	2.68468e-025	5.84e-012	1.26932e-024	2.50903e-012	0.1
206	0.5	0.5	5.82536e-039	2.71087e-025	5.86835e-012	1.28165e-024	2.52121e-012	0.1
207	0.5	0.5	5.91061e-039	2.73719e-025	5.8967e-012	1.29403e-024	2.53339e-012	0.1
208	0.5	0.5	5.99669e-039	2.76363e-025	5.92505e-012	1.30647e-024	2.54557e-012	0.1
209	0.5	0.5	6.0836e-039	2.79021e-025	5.9534e-012	1.31898e-024	2.55775e-012	0.1
210	0.5	0.5	6.17134e-039	2.81691e-025	5.98175e-012	1.33154e-024	2.56993e-012	0.1
211	0.5	0.5	6.25993e-039	2.84374e-025	6.0101e-012	1.34416e-024	2.58211e-012	0.1
212	0.5	0.5	6.34935e-039	2.87069e-025	6.03845e-012	1.35684e-024	2.59429e-012	0.1
213	0.5	0.5	6.43963e-039	2.89777e-025	6.0668e-012	1.36958e-024	2.60647e-012	0.1
214	0.5	0.5	6.53076e-039	2.92498e-025	6.09515e-012	1.38238e-024	2.61865e-012	0.1
215	0.5	0.5	6.62274e-039	2.95232e-025	6.1235e-012	1.39524e-024	2.63083e-012	0.1
216	0.5	0.5	6.71558e-039	2.97978e-025	6.15185e-012	1.40816e-024	2.64301e-012	0.1
217	0.5	0.5	6.80929e-039	3.00737e-025	6.1802e-012	1.42114e-024	2.65519e-012	0.1
218	0.5	0.5	6.90386e-039	3.03509e-025	6.20855e-012	1.43417e-024	2.66737e-012	0.1
219	0.5	0.5	6.9993e-039	3.06293e-025	6.2369e-012	1.44727e-024	2.67955e-012	0.1
220	0.5	0.5	7.09562e-039	3.09091e-025	6.26525e-012	1.46043e-024	2.69173e-012	0.1
221	0.5	0.5	7.19283e-039	3.11901e-025	6.2936e-012	1.47365e-024	2.70391e-012	0.1
222	0.5	0.5	7.29091e-039	3.14723e-025	6.32194e-012	1.48692e-024	2.71609e-012	0.1
223	0.5	0.5	7.38988e-039	3.17559e-025	6.35029e-012	1.50026e-024	2.72827e-012	0.1
224	0.5	0.5	7.48974e-039	3.20407e-025	6.37864e-012	1.51365e-024	2.74045e-012	0.1
225	0.5	0.5	7.5905e-039	3.23267e-025	6.40699e-012	1.52711e-024	2.75263e-012	0.1
226	0.5	0.5	7.69216e-039	3.26141e-025	6.43534e-012	1.54062e-024	2.76481e-012	0.1
227	0.5	0.5	7.79472e-039	3.29027e-025	6.46369e-012	1.55419e-024	2.77699e-012	0.1
228	0.5	0.5	7.89819e-039	3.31926e-025	6.49204e-012	1.56783e-024	2.78917e-012	0.1
229	0.5	0.5	8.00257e-039	3.34838e-025	6.52039e-012	1.58152e-024	2.80135e-012	0.1
230	0.5	0.5	8.10787e-039	3.37762e-025	6.54874e-012	1.59527e-024	2.81353e-012	0.1
231	0.5	0.5	8.21409e-039	3.40699e-025	6.57709e-012	1.60909e-024	2.82571e-012	0.1
232	0.5	0.5	8.32123e-039	3.43649e-025	6.60544e-012	1.62296e-024	2.83789e-012	0.1
233	0.5	0.5	8.4293e-039	3.46611e-025	6.63379e-012	1.63689e-024	2.85007e-012	0.1
234	0.5	0.5	8.5383e-039	3.49587e-025	6.66214e-012	1.65088e-024	2.86225e-012	0.1
235	0.5	0.5	8.64823e-039	3.52574e-025	6.69049e-012	1.66493e-024	2.87443e-012	0.1
236	0.5	0.5	8.75911e-039	3.55575e-025	6.71884e-012	1.67904e-024	2.88661e-012	0.1
237	0.5	0.5	8.87092e-039	3.58588e-025	6.74719e-012	1.69321e-024	2.89879e-012	0.1
238	0.5	0.5	8.98369e-039	3.61614e-025	6.77554e-012	1.70744e-024	2.91097e-012	0.1
239	0.5	0.5	9.09741e-039	3.64653e-025	6.80389e-012	1.72172e-024	2.92315e-012	0.1
240	0.5	0.5	9.21208e-039	3.67705e-025	6.83224e-012	1.73607e-024	2.93533e-012	0.1
241	0.5	0.5	9.32771e-039	3.70769e-025	6.86059e-012	1.75048e-024	2.9475e-012	0.1
242	0.5	0.5	9.44431e-039	3.73846e-025	6.88894e-012	1.76495e-024	2.95968e-012	0.1
243	0.5	0.5	9.56187e-039	3.76935e-025	6.91728e-012	1.77947e-024	2.97186e-012	0.1
244	0.5	0.5	9.68041e-039	3.80038e-025	6.94563e-012	1.79406e-024	2.98404e-012	0.1
245	0.5	0.5	9.79992e-039	3.83153e-025	6.97398e-012	1.8087e-024	2.99622e-012	0.1
246	0.5	0.5	9.92041e-039	3.86281e-025	7.00233e-012	1.82341e-024	3.0084e-012	0.1
247	0.5	0.5	1.00419e-038	3.89421e-025	7.03068e-012	1.83817e-024	3.02058e-012	0.1
248	0.5	0.5	1.01643e-038	3.92574e-025	7.05903e-012	1.853e-024	3.03276e-012	0.1
249	0.5	0.5	1.02878e-038	3.9574e-025	7.08738e-012	1.86788e-024	3.04494e-012	0.1
250	0.5	0.5	1.04123e-038	3.98919e-025	7.11573e-012	1.88282e-024	3.05712e-012	0.1
251	0.5	0.5	1.05377e-038	4.0211e-025	7.14408e-012	1.89783e-024	3.0693e-012	0.1
252	0.5	0.5	1.06642e-038	4.05314e-025	7.17243e-012	1.91289e-024	3.08148e-012	0.1
253	0.5	0.5	1.07916e-038	4.08531e-025	7.20078e-012	1.92801e-024	3.09366e-012	0.1
254	0.5	0.5	1.09201e-038	4.11761e-025	7.22913e-012	1.94319e-024	3.10584e-012	0.1
255	0.5	0.5	1.10496e-038	4.15003e-025	7.25748e-012	1.95843e-024	3.11802e-012	0.1
256	0.5	0.5	1.11801e-038	4.18258e-025	7.28583e-012	1.97373e-024	3.1302e-012	0.1
257	0.5	0.5	1.13116e-038	4.21525e-025	7.31418e-012	1.98909e-024	3.14238e-012	0.1
258	0.5	0.5	1.14442e-038	4.24806e-025	7.34253e-012	2.00451e-024	3.15456e-012	0.1
259	0.5	0.5	1.15778e-038	4.28099e-025	7.37088e-012	2.01999e-024	3.16674e-012	0.1
260	0.5	0.5	1.17124e-038	4.31405e-025	7.39923e-012	2.03553e-024	3.17892e-012	0.1
261	0.5	0.5	1.1848e-038	4.34723e-025	7.42758e-012	2.05113e-024	3.1911e-012	0.1
262	0.5	0.5	1.19848e-038	4.38054e-025	7.45593e-012	2.06678e-024	3.20328e-012	0.1
263	0.5	0.5	1.21225e-038	4.41398e-025	7.48428e-012	2.0825e-024	3.21546e-012	0.1
264	0.5	0.5	1.22613e-038	4.44755e-025	7.51262e-012	2.09828e-024	3.22764e-012	0.1
265	0.5	0.5	1.24012e-038	4.48124e-025	7.54097e-012	2.11411e-024	3.23982e-012	0.1
266	0.5	0.5	1.25421e-038	4.51506e-025	7.56932e-012	2.13001e-024	3.252e-012	0.1
267	0.5	0.5	1.26841e-038	4.54901e-025	7.59767e-012	2.14596e-024	3.26418e-012	0.1
268	0.5	0.5	1.28271e-038	4.58309e-025	7.62602e-012	2.16198e-024	3.27636e-012	0.1
269	0.5	0.5	1.29713e-038	4.61729e-025	7.65437e-012	2.17805e-024	3.28854e-012	0.1
270	0.5	0.5	1.31165e-038	4.65162e-025	7.68272e-012	2.19419e-024	3.30072e-012	0.1
271	0.5	0.5	1.32627e-038	4.68607e-025	7.71107e-012	2.21038e-024	3.3129e-012	0.1
272	0.5	0.5	1.34101e-038	4.72066e-025	7.73942e-012	2.22663e-024	3.32508e-012	0.1
273	0.5	0.5	1.35586e-038	4.75537e-025	7.76777e-012	2.24294e-024	3.33726e-012	0.1
274	0.5	0.5	1.37081e-038	4.79021e-025	7.79612e-012	2.25932e-024	3.34944e-012	0.1
275	0.5	0.5	1.38587e-038	4.82517e-025	7.82447e-012	2.27575e-024	3.36162e-012	0.1
276	0.5	0.5	1.40105e-038	4.86026e-025	7.85282e-012	2.29224e-024	3.3738e-012	0.1
277	0.5	0.5	1.41633e-038	4.89548e-025	7.88117e-012	2.30879e-024	3.38598e-012	0.1
278	0.5	0.5	1.43173e-038	4.93083e-025	7.90952e-012	2.3254e-024	3.39816e-012	0.1
279	0.5	0.5	1.44723e-038	4.9663e-025	7.93787e-012	2.34207e-024	3.41034e-012	0.1
280	0.5	0.5	1.46285e-038	5.0019e-025	7.96622e-012	2.3588e-024	3.42252e-012	0.1
281	0.5	0.5	1.47858e-038	5.03763e-025	7.99457e-012	2.37559e-024	3.4347e-012	0.1
282	0.5	0.5	1.49442e-038	5.07349e-025	8.02292e-012	2.39243e-024	3.44688e-012	0.1
283	0.5	0.5	1.51038e-038	5.10947e-025	8.05127e-012	2.40934e-024	3.45906e-012	0.1
284	0.5	0.5	1.52645e-038	5.14558e-025	8.07962e-012	2.42631e-024	3.47124e-012	0.1
285	0.5	0.5	1.54263e-038	5.18181e-025	8.10796e-012	2.44334e-024	3.48341e-012	0.1
286	0.5	0.5	1.55892e-038	5.21818e-025	8.13631e-012	2.46042e-024	3.49559e-012	0.1
287	0.5	0.5	1.57533e-038	5.25467e-025	8.16466e-012	2.47757e-024	3.50777e-012	0.1
288	0.5	0.5	1.59186e-038	5.29129e-025	8.19301e-012	2.49477e-024	3.51995e-012	0.1
289	0.5	0.5	1.6085e-038	5.32803e-025	8.22136e-012	2.51204e-024	3.53213e-012	0.1
290	0.5	0.5	1.62525e-038	5.3649e-025	8.24971e-012	2.52936e-024	3.54431e-012	0.1
291	0.5	0.5	1.64212e-038	5.4019e-025	8.27806e-012	2.54675e-024	3.55649e-012	0.1
292	0.5	0.5	1.65911e-038	5.43903e-025	8.30641e-012	2.56419e-024	3.56867e-012	0.1
293	0.5	0.5	1.67621e-038	5.47628e-025	8.33476e-012	2.58169e-024	3.58085e-012	0.1
294	0.5	0.5	1.69344e-038	5.51366e-025	8.36311e-012	2.59925e-024	3.59303e-012	0.1
295	0.5	0.5	1.71077e-038	5.55117e-025	8.39146e-012	2.61688e-024	3.60521e-012	0.1
296	0.5	0.5	1.72823e-038	5.58881e-025	8.41981e-012	2.63456e-024	3.61739e-012	0.1
297	0.5	0.5	1.74581e-038	5.62657e-025	8.44816e-012	2.6523e-024	3.62957e-012	0.1
298	0.5	0.5	1.7635e-038	5.66446e-025	8.47651e-012	2.6701e-024	3.64175e-012	0.1
299	0.5	0.5	1.78131e-038	5.70247e-025	8.50486e-012	2.68796e-024	3.65393e-012	0.1
300	0.5	0.5	1.79925e-038	5.74062e-025	8.53321e-012	2.70588e-024	3.66611e-012	0.1
301	0.5	0.5	1.8173e-038	5.77889e-025	8.56156e-012	2.72386e-024	3.67829e-012	0.1
302	0.5	0.5	1.83547e-038	5.81729e-025	8.58991e-012	2.7419e-024	3.69047e-012	0.1
303	0.5	0.5	1.85377e-038	5.85581e-025	8.61826e-012	2.76e-024	3.70265e-012	0.1
304	0.5	0.5	1.87218e-038	5.89446e-025	8.64661e-012	2.77815e-024	3.71483e-012	0.1
305	0.5	0.5	1.89072e-038	5.93324e-025	8.67496e-012	2.79637e-024	3.72701e-012	0.1
306	0.5	0.5	1.90937e-038	5.97215e-025	8.7033e-012	2.81465e-024	3.73919e-012	0.1
307	0.5	0.5	1.92816e-038	6.01118e-025	8.73165e-012	2.83299e-024	3.75137e-012	0.1
308	0.5	0.5	1.94706e-038	6.05034e-025	8.76e-012	2.85138e-024	3.76355e-012	0.1
309	0.5	0.5	1.96609e-038	6.08963e-025	8.78835e-012	2.86984e-024	3.77573e-012	0.1
310	0.5	0.5	1.98524e-038	6.12905e-025	8.8167e-012	2.88835e-024	3.78791e-012	0.1
311	0.5	0.5	2.00451e-038	6.16859e-025	8.84505e-012	2.90693e-024	3.80009e-012	0.1
312	0.5	0.5	2.02391e-038	6.20826e-025	8.8734e-012	2.92556e-024	3.81227e-012	0.1
313	0.5	0.5	2.04343e-038	6.24806e-025	8.90175e-012	2.94425e-024	3.82445e-012	0.1
314	0.5	0.5	2.06308e-038	6.28798e-025	8.9301e-012	2.96301e-024	3.83663e-012	0.1
315	0.5	0.5	2.08285e-038	6.32803e-025	8.95845e-012	2.98182e-024	3.84881e-012	0.1
316	0.5	0.5	2.10275e-038	6.36821e-025	8.9868e-012	3.00069e-024	3.86099e-012	0.1
317	0.5	0.5	2.12278e-038	6.40851e-025	9.01515e-012	3.01962e-024	3.87317e-012	0.1
318	0.5	0.5	2.14293e-038	6.44895e-025	9.0435e-012	3.03862e-024	3.88535e-012	0.1
319	0.5	0.5	2.16321e-038	6.48951e-025	9.07185e-012	3.05767e-024	3.89753e-012	0.1
320	0.5	0.5	2.18362e-038	6.53019e-025	9.1002e-012	3.07678e-024	3.90971e-012	0.1
321	0.5	0.5	2.20416e-038	6.57101e-025	9.12855e-012	3.09595e-024	3.92189e-012	0.1
322	0.5	0.5	2.22482e-038	6.61195e-025	9.1569e-012	3.11518e-024	3.93407e-012	0.1
323	0.5	0.5	2.24561e-038	6.65301e-025	9.18525e-012	3.13447e-024	3.94625e-012	0.1
324	0.5	0.5	2.26654e-038	6.69421e-025	9.2136e-012	3.15381e-024	3.95843e-012	0.1
325	0.5	0.5	2.28759e-038	6.73553e-025	9.24195e-012	3.17322e-024	3.97061e-012	0.1
326	0.5	0.5	2.30877e-038	6.77698e-025	9.2703e-012	3.19269e-024	3.98279e-012	0.1
327	0.5	0.5	2.33008e-038	6.81856e-025	9.29865e-012	3.21222e-024	3.99497e-012	0.1
328	0.5	0.5	2.35152e-038	6.86026e-025	9.32699e-012	3.2318e-024	4.00715e-012	0.1
329	0.5	0.5	2.3731e-038	6.90209e-025	9.35534e-012	3.25145e-024	4.01932e-012	0.1
330	0.5	0.5	2.3948e-038	6.94405e-025	9.38369e-012	3.27116e-024	4.0315e-012	0.1
331	0.5	0.5	2.41664e-038	6.98614e-025	9.41204e-012	3.29092e-024	4.04368e-012	0.1
332	0.5	0.5	2.43861e-038	7.02835e-025	9.44039e-012	3.31075e-024	4.05586e-012	0.1
333	0.5	0.5	2.46071e-038	7.07069e-025	9.46874e-012	3.33063e-024	4.06804e-012	0.1
334	0.5	0.5	2.48294e-038	7.11315e-025	9.49709e-012	3.35057e-024	4.08022e-012	0.1
335	0.5	0.5	2.50531e-038	7.15575e-025	9.52544e-012	3.37058e-024	4.0924e-012	0.1
336	0.5	0.5	2.52782e-038	7.19847e-025	9.55379e-012	3.39064e-024	4.10458e-012	0.1
337	0.5	0.5	2.55045e-038	7.24132e-025	9.58214e-012	3.41076e-024	4.11676e-012	0.1
338	0.5	0.5	2.57323e-038	7.28429e-025	9.61049e-012	3.43094e-024	4.12894e-012	0.1
339	0.5	0.5	2.59613e-038	7.32739e-025	9.63884e-012	3.45119e-024	4.14112e-012	0.1
340	0.5	0.5	2.61918e-038	7.37062e-025	9.66719e-012	3.47149e-024	4.1533e-012	0.1
341	0.5	0.5	2.64235e-038	7.41398e-025	9.69554e-012	3.49185e-024	4.16548e-012	0.1
342	0.5	0.5	2.66567e-038	7.45746e-025	9.72389e-012	3.51227e-024	4.17766e-012	0.1
343	0.5	0.5	2.68912e-038	7.50107e-025	9.75224e-012	3.53275e-024	4.18984e-012	0.1
344	0.5	0.5	2.71271e-038	7.54481e-025	9.78059e-012	3.55329e-024	4.20202e-012	0.1
345	0.5	0.5	2.73644e-038	7.58868e-025	9.80894e-012	3.57389e-024	4.2142e-012	0.1
346	0.5	0.5	2.7603e-038	7.63267e-025	9.83729e-012	3.59454e-024	4.22638e-012	0.1
347	0.5	0.5	2.7843e-038	7.67679e-025	9.86564e-012	3.61526e-024	4.23856e-012	0.1
348	0.5	0.5	2.80844e-038	7.72104e-025	9.89399e-012	3.63604e-024	4.25074e-012	0.1
349	0.5	0.5	2.83272e-038	7.76541e-025	9.92233e-012	3.65688e-024	4.26292e-012	0.1
350	0.5	0.5	2.85714e-038	7.80991e-025	9.95068e-012	3.67777e-024	4.2751e-012	0.1
351	0.5	0.5	2.8817e-038	7.85454e-025	9.97903e-012	3.69873e-024	4.28728e-012	0.1
352	0.5	0.5	2.9064e-038	7.89929e-025	1.00074e-011	3.71974e-024	4.29946e-012	0.1
353	0.5	0.5	2.93125e-038	7.94418e-025	1.00357e-011	3.74082e-024	4.31164e-012	0.1
354	0.5	0.5	2.95623e-038	7.98919e-025	1.00641e-011	3.76195e-024	4.32382e-012	0.1
355	0.5	0.5	2.98135e-038	8.03432e-025	1.00924e-011	3.78315e-024	4.336e-012	0.1
356	0.5	0.5	3.00662e-038	8.07959e-025	1.01208e-011	3.8044e-024	4.34818e-012	0.1
357	0.5	0.5	3.03203e-038	8.12498e-025	1.01491e-011	3.82571e-024	4.36036e-012	0.1
358	0.5	0.5	3.05758e-038	8.1705e-025	1.01775e-011	3.84709e-024	4.37254e-012	0.1
359	0.5	0.5	3.08327e-038	8.21614e-025	1.02058e-011	3.86852e-024	4.38472e-012	0.1
360	0.5	0.5	3.10911e-038	8.26191e-025	1.02342e-011	3.89001e-024	4.3969e-012	0.1
361	0.5	0.5	3.13509e-038	8.30781e-025	1.02625e-011	3.91156e-024	4.40908e-012	0.1
362	0.5	0.5	3.16121e-038	8.35384e-025	1.02909e-011	3.93317e-024	4.42126e-012	0.1
363	0.5	0.5	3.18749e-038	8.39999e-025	1.03192e-011	3.95484e-024	4.43344e-012	0.1
364	0.5	0.5	3.2139e-038	8.44627e-025	1.03476e-011	3.97657e-024	4.44562e-012	0.1
365	0.5	0.5	3.24046e-038	8.49268e-025	1.03759e-011	3.99836e-024	4.4578e-012	0.1
366	0.5	0.5	3.26717e-038	8.53922e-025	1.04043e-011	4.02021e-024	4.46998e-012	0.1
367	0.5	0.5	3.29402e-038	8.58588e-025	1.04326e-011	4.04212e-024	4.48216e-012	0.1
368	0.5	0.5	3.32102e-038	8.63267e-025	1.0461e-011	4.06409e-024	4.49434e-012	0.1
369	0.5	0.5	3.34817e-038	8.67959e-025	1.04893e-011	4.08612e-024	4.50652e-012	0.1
370	0.5	0.5	3.37546e-038	8.72663e-025	1.05177e-011	4.1082e-024	4.5187e-012	0.1
371	0.5	0.5	3.40291e-038	8.7738e-025	1.0546e-011	4.13035e-024	4.53088e-012	0.1
372	0.5	0.5	3.4305e-038	8.8211e-025	1.05744e-011	4.15256e-024	4.54306e-012	0.1
373	0.5	0.5	3.45824e-038	8.86852e-025	1.06027e-011	4.17482e-024	4.55523e-012	0.1
374	0.5	0.5	3.48613e-038	8.91608e-025	1.06311e-011	4.19715e-024	4.56741e-012	0.1
375	0.5	0.5	3.51417e-038	8.96376e-025	1.06594e-011	4.21953e-024	4.57959e-012	0.1
376	0.5	0.5	3.54235e-038	9.01156e-025	1.06878e-011	4.24198e-024	4.59177e-012	0.1
377	0.5	0.5	3.57069e-038	9.0595e-025	1.07161e-011	4.26448e-024	4.60395e-012	0.1
378	0.5	0.5	3.59918e-038	9.10756e-025	1.07445e-011	4.28704e-024	4.61613e-012	0.1
379	0.5	0.5	3.62782e-038	9.15575e-025	1.07728e-011	4.30967e-024	4.62831e-012	0.1
380	0.5	0.5	3.65662e-038	9.20406e-025	1.08012e-011	4.33235e-024	4.64049e-012	0.1
381	0.5	0.5	3.68556e-038	9.2525e-025	1.08295e-011	4.35509e-024	4.65267e-012	0.1
382	0.5	0.5	3.71466e-038	9.30107e-025	1.08579e-011	4.37789e-024	4.66485e-012	0.1
383	0.5	0.5	3.74391e-038	9.34977e-025	1.08862e-011	4.40075e-024	4.67703e-012	0.1
384	0.5	0.5	3.77331e-038	9.39859e-025	1.09146e-011	4.42367e-024	4.68921e-012	0.1
385	0.5	0.5	3.80286e-038	9.44754e-025	1.09429e-011	4.44665e-024	4.70139e-012	0.1
386	0.5	0.5	3.83257e-038	9.49662e-025	1.09713e-011	4.46969e-024	4.71357e-012	0.1
387	0.5	0.5	3.86244e-038	9.54583e-025	1.09996e-011	4.49279e-024	4.72575e-012	0.1
388	0.5	0.5	3.89246e-038	9.59516e-025	1.1028e-011	4.51595e-024	4.73793e-012	0.1
389	0.5	0.5	3.92263e-038	9.64462e-025	1.10563e-011	4.53917e-024	4.75011e-012	0.1
390	0.5	0.5	3.95296e-038	9.69421e-025	1.10847e-011	4.56245e-024	4.76229e-012	0.1
391	0.5	0.5	3.98345e-038	9.74392e-025	1.1113e-011	4.58579e-024	4.77447e-012	0.1
392	0.5	0.5	4.01409e-038	9.79376e-025	1.11414e-011	4.60918e-024	4.78665e-012	0.1
393	0.5	0.5	4.04489e-038	9.84373e-025	1.11697e-011	4.63264e-024	4.79883e-012	0.1
394	0.5	0.5	4.07584e-038	9.89383e-025	1.11981e-011	4.65615e-024	4.81101e-012	0.1
395	0.5	0.5	4.10696e-038	9.94405e-025	1.12264e-011	4.67973e-024	4.82319e-012	0.1
396	0.5	0.5	4.13823e-038	9.9944e-025	1.12548e-011	4.70337e-024	4.83537e-012	0.1
397	0.5	0.5	4.16966e-038	1.00449e-024	1.12831e-011	4.72706e-024	4.84755e-012	0.1
398	0.5	0.5	4.20125e-038	1.00955e-024	1.13115e-011	4.75081e-024	4.85973e-012	0.1
399	0.5	0.5	4.23299e-038	1.01462e-024	1.13398e-011	4.77463e-024	4.87191e-012	0.1
400	0.5	0.5	4.2649e-038	1.01971e-024	1.13682e-011	4.7985e-024	4.88409e-012	0.1
401	0.5	0.5	4.29697e-038	1.02481e-024	1.13965e-011	4.82243e-024	4.89627e-012	0.1
402	0.5	0.5	4.32919e-038	1.02992e-024	1.14249e-011	4.84643e-024	4.90845e-012	0.1
403	0.5	0.5	4.36158e-038	1.03504e-024	1.14532e-011	4.87048e-024	4.92063e-012	0.1
404	0.5	0.5	4.39413e-038	1.04018e-024	1.14816e-011	4.89459e-024	4.93281e-012	0.1
405	0.5	0.5	4.42684e-038	1.04533e-024	1.15099e-011	4.91876e-024	4.94499e-012	0.1
406	0.5	0.5	4.45971e-038	1.05049e-024	1.15383e-011	4.94299e-024	4.95717e-012	0.1
407	0.5	0.5	4.49275e-038	1.05566e-024	1.15666e-011	4.96728e-024	4.96935e-012	0.1
408	0.5	0.5	4.52595e-038	1.06085e-024	1.1595e-011	4.99163e-024	4.98153e-012	0.1
409	0.5	0.5	4.55931e-038	1.06605e-024	1.16233e-011	5.01604e-024	4.99371e-012	0.1
410	0.5	0.5	4.59283e-038	1.07126e-024	1.16517e-011	5.04051e-024	5.00589e-012	0.1
411	0.5	0.5	4.62652e-038	1.07649e-024	1.168e-011	5.06503e-024	5.01807e-012	0.1
412	0.5	0.5	4.66037e-038	1.08173e-024	1.17084e-011	5.08962e-024	5.03025e-012	0.1
413	0.5	0.5	4.69439e-038	1.08698e-024	1.17367e-011	5.11427e-024	5.04243e-012	0.1
414	0.5	0.5	4.72857e-038	1.09224e-024	1.17651e-011	5.13898e-024	5.05461e-012	0.1
415	0.5	0.5	4.76292e-038	1.09752e-024	1.17934e-011	5.16374e-024	5.06679e-012	0.1
416	0.5	0.5	4.79743e-038	1.10281e-024	1.18218e-011	5.18857e-024	5.07897e-012	0.1
417	0.5	0.5	4.83211e-038	1.10811e-024	1.18501e-011	5.21345e-024	5.09114e-012	0.1
418	0.5	0.5	4.86696e-038	1.11343e-024	1.18785e-011	5.2384e-024	5.10332e-012	0.1
419	0.5	0.5	4.90198e-038	1.11875e-024	1.19068e-011	5.2634e-024	5.1155e-012	0.1
420	0.5	0.5	4.93716e-038	1.12409e-024	1.19352e-011	5.28847e-024	5.12768e-012	0.1
421	0.5	0.5	4.97251e-038	1.12945e-024	1.19635e-011	5.31359e-024	5.13986e-012	0.1
422	0.5	0.5	5.00803e-038	1.13481e-024	1.19919e-011	5.33877e-024	5.15204e-012	0.1
423	0.5	0.5	5.04371e-038	1.14019e-024	1.20202e-011	5.36401e-024	5.16422e-012	0.1
424	0.5	0.5	5.07957e-038	1.14558e-024	1.20485e-011	5.38932e-024	5.1764e-012	0.1
425	0.5	0.5	5.11559e-038	1.15098e-024	1.20769e-011	5.41468e-024	5.18858e-012	0.1
426	0.5	0.5	5.15179e-038	1.1564e-024	1.21052e-011	5.4401e-024	5.20076e-012	0.1
427	0.5	0.5	5.18815e-038	1.16183e-024	1.21336e-011	5.46558e-024	5.21294e-012	0.1
428	0.5	0.5	5.22469e-038	1.16727e-024	1.21619e-011	5.49112e-024	5.22512e-012	0.1
429	0.5	0.5	5.2614e-038	1.17273e-024	1.21903e-011	5.51672e-024	5.2373e-012	0.1
430	0.5	0.5	5.29828e-038	1.17819e-024	1.22186e-011	5.54238e-024	5.24948e-012	0.1
431	0.5	0.5	5.33533e-038	1.18367e-024	1.2247e-011	5.5681e-024	5.26166e-012	0.1
432	0.5	0.5	5.37255e-038	1.18917e-024	1.22753e-011	5.59387e-024	5.27384e-012	0.1
433	0.5	0.5	5.40995e-038	1.19467e-024	1.23037e-011	5.61971e-024	5.28602e-012	0.1
434	0.5	0.5	5.44752e-038	1.20019e-024	1.2332e-011	5.64561e-024	5.2982e-012	0.1
435	0.5	0.5	5.48526e-038	1.20572e-024	1.23604e-011	5.67157e-024	5.31038e-012	0.1
436	0.5	0.5	5.52317e-038	1.21126e-024	1.23887e-011	5.69758e-024	5.32256e-012	0.1
437	0.5	0.5	5.56127e-038	1.21682e-024	1.24171e-011	5.72366e-024	5.33474e-012	0.1
438	0.5	0.5	5.59953e-038	1.22239e-024	1.24454e-011	5.74979e-024	5.34692e-012	0.1
439	0.5	0.5	5.63797e-038	1.22797e-024	1.24738e-011	5.77599e-024	5.3591e-012	0.1
440	0.5	0.5	5.67659e-038	1.23357e-024	1.25021e-011	5.80224e-024	5.37128e-012	0.1
441	0.5	0.5	5.71538e-038	1.23917e-024	1.25305e-011	5.82856e-024	5.38346e-012	0.1
442	0.5	0.5	5.75435e-038	1.24479e-024	1.25588e-011	5.85493e-024	5.39564e-012	0.1
443	0.5	0.5	5.79349e-038	1.25042e-024	1.25872e-011	5.88136e-024	5.40782e-012	0.1
444	0.5	0.5	5.83282e-038	1.25607e-024	1.26155e-011	5.90786e-024	5.42e-012	0.1
445	0.5	0.5	5.87232e-038	1.26173e-024	1.26439e-011	5.93441e-024	5.43218e-012	0.1
446	0.5	0.5	5.91199e-038	1.2674e-024	1.26722e-011	5.96102e-024	5.44436e-012	0.1
447	0.5	0.5	5.95185e-038	1.27308e-024	1.27006e-011	5.98769e-024	5.45654e-012	0.1
448	0.5	0.5	5.99188e-038	1.27878e-024	1.27289e-011	6.01442e-024	5.46872e-012	0.1
449	0.5	0.5	6.0321e-038	1.28449e-024	1.27573e-011	6.04121e-024	5.4809e-012	0.1
450	0.5	0.5	6.07249e-038	1.29021e-024	1.27856e-011	6.06806e-024	5.49308e-012	0.1
451	0.5	0.5	6.11307e-038	1.29594e-024	1.2814e-011	6.09497e-024	5.50526e-012	0.1
452	0.5	0.5	6.15382e-038	1.30169e-024	1.28423e-011	6.12194e-024	5.51744e-012	0.1
453	0.5	0.5	6.19475e-038	1.30745e-024	1.28707e-011	6.14897e-024	5.52962e-012	0.1
454	0.5	0.5	6.23587e-038	1.31322e-024	1.2899e-011	6.17606e-024	5.5418e-012	0.1
455	0.5	0.5	6.27717e-038	1.31901e-024	1.29274e-011	6.20321e-024	5.55398e-012	0.1
456	0.5	0.5	6.31865e-038	1.32481e-024	1.29557e-011	6.23041e-024	5.56616e-012	0.1
457	0.5	0.5	6.36031e-038	1.33062e-024	1.29841e-011	6.25768e-024	5.57834e-012	0.1
458	0.5	0.5	6.40215e-038	1.33644e-024	1.30124e-011	6.28501e-024	5.59052e-012	0.1
459	0.5	0.5	6.44418e-038	1.34227e-024	1.30408e-011	6.31239e-024	5.6027e-012	0.1
460	0.5	0.5	6.48639e-038	1.34812e-024	1.30691e-011	6.33984e-024	5.61487e-012	0.1
461	0.5	0.5	6.52878e-038	1.35398e-024	1.30975e-011	6.36734e-024	5.62705e-012	0.1
462	0.5	0.5	6.57136e-038	1.35986e-024	1.31258e-011	6.3949e-024	5.63923e-012	0.1
463	0.5	0.5	6.61413e-038	1.36575e-024	1.31542e-011	6.42253e-024	5.65141e-012	0.1
464	0.5	0.5	6.65708e-038	1.37165e-024	1.31825e-011	6.45021e-024	5.66359e-012	0.1
465	0.5	0.5	6.70021e-038	1.37756e-024	1.32109e-011	6.47795e-024	5.67577e-012	0.1
466	0.5	0.5	6.74353e-038	1.38348e-024	1.32392e-011	6.50576e-024	5.68795e-012	0.1
467	0.5	0.5	6.78704e-038	1.38942e-024	1.32676e-011	6.53362e-024	5.70013e-012	0.1
468	0.5	0.5	6.83073e-038	1.39537e-024	1.32959e-011	6.56154e-024	5.71231e-012	0.1
469	0.5	0.5	6.87461e-038	1.40133e-024	1.33243e-011	6.58952e-024	5.72449e-012	0.1
470	0.5	0.5	6.91868e-038	1.40731e-024	1.33526e-011	6.61756e-024	5.73667e-012	0.1
471	0.5	0.5	6.96294e-038	1.4133e-024	1.3381e-011	6.64566e-024	5.74885e-012	0.1
472	0.5	0.5	7.00738e-038	1.4193e-024	1.34093e-011	6.67382e-024	5.76103e-012	0.1
473	0.5	0.5	7.05201e-038	1.42531e-024	1.34377e-011	6.70204e-024	5.77321e-012	0.1
474	0.5	0.5	7.09683e-038	1.43134e-024	1.3466e-011	6.73032e-024	5.78539e-012	0.1
475	0.5	0.5	7.14185e-038	1.43738e-024	1.34944e-011	6.75866e-024	5.79757e-012	0.1
476	0.5	0.5	7.18705e-038	1.44343e-024	1.35227e-011	6.78706e-024	5.80975e-012	0.1
477	0.5	0.5	7.23244e-038	1.4495e-024	1.35511e-011	6.81551e-024	5.82193e-012	0.1
478	0.5	0.5	7.27802e-038	1.45557e-024	1.35794e-011	6.84403e-024	5.83411e-012	0.1
479	0.5	0.5	7.3238e-038	1.46166e-024	1.36078e-011	6.87261e-024	5.84629e-012	0.1
480	0.5	0.5	7.36976e-038	1.46777e-024	1.36361e-011	6.90124e-024	5.85847e-012	0.1
481	0.5	0.5	7.41592e-038	1.47388e-024	1.36645e-011	6.92994e-024	5.87065e-012	0.1
482	0.5	0.5	7.46227e-038	1.48001e-024	1.36928e-011	6.95869e-024	5.88283e-012	0.1
483	0.5	0.5	7.50881e-038	1.48615e-024	1.37212e-011	6.98751e-024	5.89501e-012	0.1
484	0.5	0.5	7.55555e-038	1.49231e-024	1.37495e-011	7.01638e-024	5.90719e-012	0.1
485	0.5	0.5	7.60247e-038	1.49847e-024	1.37779e-011	7.04531e-024	5.91937e-012	0.1
486	0.5	0.5	7.6496e-038	1.50465e-024	1.38062e-011	7.07431e-024	5.93155e-012	0.1
487	0.5	0.5	7.69691e-038	1.51084e-024	1.38346e-011	7.10336e-024	5.94373e-012	0.1
488	0.5	0.5	7.74443e-038	1.51705e-024	1.38629e-011	7.13247e-024	5.95591e-012	0.1
489	0.5	0.5	7.79213e-038	1.52327e-024	1.38913e-011	7.16164e-024	5.96809e-012	0.1
490	0.5	0.5	7.84004e-038	1.5295e-024	1.39196e-011	7.19087e-024	5.98027e-012	0.1
491	0.5	0.5	7.88813e-038	1.53574e-024	1.3948e-011	7.22017e-024	5.99245e-012	0.1
492	0.5	0.5	7.93643e-038	1.54199e-024	1.39763e-011	7.24952e-024	6.00463e-012	0.1
493	0.5	0.5	7.98492e-038	1.54826e-024	1.40047e-011	7.27893e-024	6.01681e-012	0.1
494	0.5	0.5	8.03361e-038	1.55454e-024	1.4033e-011	7.30839e-024	6.02899e-012	0.1
495	0.5	0.5	8.08249e-038	1.56084e-024	1.40614e-011	7.33792e-024	6.04117e-012	0.1
496	0.5	0.5	8.13158e-038	1.56714e-024	1.40897e-011	7.36751e-024	6.05335e-012	0.1
497	0.5	0.5	8.18086e-038	1.57346e-024	1.41181e-011	7.39716e-024	6.06553e-012	0.1
498	0.5	0.5	8.23034e-038	1.5798e-024	1.41464e-011	7.42687e-024	6.07771e-012	0.1
499	0.5	0.5	8.28002e-038	1.58614e-024	1.41748e-011	7.45663e-024	6.08989e-012	0.1
500	0.5	0.5	8.3299e-038	1.5925e-024	1.42031e-011	7.48646e-024	6.10207e-012	0.1
501	0.5	0.5	8.37998e-038	1.59887e-024	1.42315e-011	7.51635e-024	6.11425e-012	0.1
502	0.5	0.5	8.43026e-038	1.60525e-024	1.42598e-011	7.54629e-024	6.12643e-012	0.1
503	0.5	0.5	8.48074e-038	1.61165e-024	1.42882e-011	7.5763e-024	6.13861e-012	0.1
504	0.5	0.5	8.53142e-038	1.61805e-024	1.43165e-011	7.60636e-024	6.15078e-012	0.1
505	0.5	0.5	8.58231e-038	1.62447e-024	1.43449e-011	7.63649e-024	6.16296e-012	0.1
506	0.5	0.5	8.63339e-038	1.63091e-024	1.43732e-011	7.66667e-024	6.17514e-012	0.1
507	0.5	0.5	8.68468e-038	1.63735e-024	1.44016e-011	7.69691e-024	6.18732e-012	0.1
508	0.5	0.5	8.73617e-038	1.64381e-024	1.44299e-011	7.72722e-024	6.1995e-012	0.1
509	0.5	0.5	8.78786e-038	1.65028e-024	1.44583e-011	7.75758e-024	6.21168e-012	0.1
510	0.5	0.5	8.83976e-038	1.65677e-024	1.44866e-011	7.788e-024	6.22386e-012	0.1
511	0.5	0.5	8.89186e-038	1.66327e-024	1.4515e-011	7.81848e-024	6.23604e-012	0.1
512	0.5	0.5	8.94417e-038	1.66978e-024	1.45433e-011	7.84902e-024	6.24822e-012	0.1
513	0.5	0.5	8.99667e-038	1.6763e-024	1.45717e-011	7.87962e-024	6.2604e-012	0.1
514	0.5	0.5	9.04939e-038	1.68283e-024	1.46e-011	7.91028e-024	6.27258e-012	0.1
515	0.5	0.5	9.10231e-038	1.68938e-024	1.46284e-011	7.941e-024	6.28476e-012	0.1
516	0.5	0.5	9.15544e-038	1.69594e-024	1.46567e-011	7.97178e-024	6.29694e-012	0.1
517	0.5	0.5	9.20877e-038	1.70252e-024	1.46851e-011	8.00262e-024	6.30912e-012	0.1
518	0.5	0.5	9.26231e-038	1.7091e-024	1.47134e-011	8.03352e-024	6.3213e-012	0.1
519	0.5	0.5	9.31606e-038	1.7157e-024	1.47418e-011	8.06448e-024	6.33348e-012	0.1
520	0.5	0.5	9.37001e-038	1.72231e-024	1.47701e-011	8.09549e-024	6.34566e-012	0.1
521	0.5	0.5	9.42417e-038	1.72894e-024	1.47985e-011	8.12657e-024	6.35784e-012	0.1
522	0.5	0.5	9.47854e-038	1.73557e-024	1.48268e-011	8.15771e-024	6.37002e-012	0.1
523	0.5	0.5	9.53312e-038	1.74222e-024	1.48552e-011	8.1889e-024	6.3822e-012	0.1
524	0.5	0.5	9.58791e-038	1.74889e-024	1.48835e-011	8.22016e-024	6.39438e-012	0.1
525	0.5	0.5	9.64291e-038	1.75556e-024	1.49119e-011	8.25147e-024	6.40656e-012	0.1
526	0.5	0.5	9.69811e-038	1.76225e-024	1.49402e-011	8.28285e-024	6.41874e-012	0.1
527	0.5	0.5	9.75353e-038	1.76895e-024	1.49686e-011	8.31428e-024	6.43092e-012	0.1
528	0.5	0.5	9.80916e-038	1.77566e-024	1.49969e-011	8.34577e-024	6.4431e-012	0.1
529	0.5	0.5	9.865e-038	1.78239e-024	1.50252e-011	8.37733e-024	6.45528e-012	0.1
530	0.5	0.5	9.92105e-038	1.78913e-024	1.50536e-011	8.40894e-024	6.46746e-012	0.1
531	0.5	0.5	9.97731e-038	1.79588e-024	1.50819e-011	8.44061e-024	6.47964e-012	0.1
532	0.5	0.5	1.00338e-037	1.80264e-024	1.51103e-011	8.47234e-024	6.49182e-012	0.1
533	0.5	0.5	1.00905e-037	1.80942e-024	1.51386e-011	8.50414e-024	6.504e-012	0.1
534	0.5	0.5	1.01474e-037	1.81621e-024	1.5167e-011	8.53599e-024	6.51618e-012	0.1
535	0.5	0.5	1.02045e-037	1.82301e-024	1.51953e-011	8.5679e-024	6.52836e-012	0.1
536	0.5	0.5	1.02618e-037	1.82983e-024	1.52237e-011	8.59987e-024	6.54054e-012	0.1
537	0.5	0.5	1.03194e-037	1.83665e-024	1.5252e-011	8.6319e-024	6.55272e-012	0.1
538	0.5	0.5	1.03771e-037	1.8435e-024	1.52804e-011	8.66398e-024	6.5649e-012	0.1
539	0.5	0.5	1.04351e-037	1.85035e-024	1.53087e-011	8.69613e-024	6.57708e-012	0.1
540	0.5	0.5	1.04933e-037	1.85721e-024	1.53371e-011	8.72834e-024	6.58926e-012	0.1
541	0.5	0.5	1.05517e-037	1.86409e-024	1.53654e-011	8.76061e-024	6.60144e-012	0.1
542	0.5	0.5	1.06103e-037	1.87098e-024	1.53938e-011	8.79293e-024	6.61362e-012	0.1
543	0.5	0.5	1.06691e-037	1.87789e-024	1.54221e-011	8.82532e-024	6.6258e-012	0.1
544	0.5	0.5	1.07282e-037	1.8848e-024	1.54505e-011	8.85777e-024	6.63798e-012	0.1
545	0.5	0.5	1.07875e-037	1.89173e-024	1.54788e-011	8.89027e-024	6.65016e-012	0.1
546	0.5	0.5	1.0847e-037	1.89868e-024	1.55072e-011	8.92284e-024	6.66234e-012	0.1
547	0.5	0.5	1.09067e-037	1.90563e-024	1.55355e-011	8.95546e-024	6.67452e-012	0.1
548	0.5	0.5	1.09666e-037	1.9126e-024	1.55639e-011	8.98815e-024	6.68669e-012	0.1
549	0.5	0.5	1.10267e-037	1.91958e-024	1.55922e-011	9.02089e-024	6.69887e-012	0.1
550	0.5	0.5	1.10871e-037	1.92657e-024	1.56206e-011	9.05369e-024	6.71105e-012	0.1
551	0.5	0.5	1.11477e-037	1.93358e-024	1.56489e-011	9.08656e-024	6.72323e-012	0.1
552	0.5	0.5	1.12085e-037	1.9406e-024	1.56773e-011	9.11948e-024	6.73541e-012	0.1
553	0.5	0.5	1.12695e-037	1.94763e-024	1.57056e-011	9.15246e-024	6.74759e-012	0.1
554	0.5	0.5	1.13308e-037	1.95467e-024	1.5734e-011	9.1855e-024	6.75977e-012	0.1
555	0.5	0.5	1.13922e-037	1.96173e-024	1.57623e-011	9.2186e-024	6.77195e-012	0.1
556	0.5	0.5	1.14539e-037	1.9688e-024	1.57907e-011	9.25176e-024	6.78413e-012	0.1
557	0.5	0.5	1.15158e-037	1.97588e-024	1.5819e-011	9.28498e-024	6.79631e-012	0.1
558	0.5	0.5	1.1578e-037	1.98297e-024	1.58474e-011	9.31826e-024	6.80849e-012	0.1
559	0.5	0.5	1.16403e-037	1.99008e-024	1.58757e-011	9.3516e-024	6.82067e-012	0.1
560	0.5	0.5	1.17029e-037	1.9972e-024	1.59041e-011	9.385e-024	6.83285e-012	0.1
561	0.5	0.5	1.17657e-037	2.00433e-024	1.59324e-011	9.41846e-024	6.84503e-012	0.1
562	0.5	0.5	1.18288e-037	2.01148e-024	1.59608e-011	9.45198e-024	6.85721e-012	0.1
563	0.5	0.5	1.1892e-037	2.01864e-024	1.59891e-011	9.48555e-024	6.86939e-012	0.1
564	0.5	0.5	1.19555e-037	2.02581e-024	1.60175e-011	9.51919e-024	6.88157e-012	0.1
565	0.5	0.5	1.20192e-037	2.03299e-024	1.60458e-011	9.55289e-024	6.89375e-012	0.1
566	0.5	0.5	1.20831e-037	2.04019e-024	1.60742e-011	9.58664e-024	6.90593e-012	0.1
567	0.5	0.5	1.21473e-037	2.0474e-024	1.61025e-011	9.62046e-024	6.91811e-012	0.1
568	0.5	0.5	1.22117e-037	2.05462e-024	1.61309e-011	9.65433e-024	6.93029e-012	0.1
569	0.5	0.5	1.22763e-037	2.06185e-024	1.61592e-011	9.68827e-024	6.94247e-012	0.1
570	0.5	0.5	1.23411e-037	2.0691e-024	1.61876e-011	9.72226e-024	6.95465e-012	0.1
571	0.5	0.5	1.24062e-037	2.07636e-024	1.62159e-011	9.75631e-024	6.96683e-012	0.1
572	0.5	0.5	1.24715e-037	2.08363e-024	1.62443e-011	9.79043e-024	6.97901e-012	0.1
573	0.5	0.5	1.2537e-037	2.09092e-024	1.62726e-011	9.8246e-024	6.99119e-012	0.1
574	0.5	0.5	1.26028e-037	2.09822e-024	1.6301e-011	9.85883e-024	7.00337e-012	0.1
575	0.5	0.5	1.26688e-037	2.10553e-024	1.63293e-011	9.89312e-024	7.01555e-012	0.1
576	0.5	0.5	1.2735e-037	2.11285e-024	1.63577e-011	9.92747e-024	7.02773e-012	0.1
577	0.5	0.5	1.28014e-037	2.12019e-024	1.6386e-011	9.96189e-024	7.03991e-012	0.1
578	0.5	0.5	1.28681e-037	2.12754e-024	1.64144e-011	9.99636e-024	7.05209e-012	0.1
579	0.5	0.5	1.2935e-037	2.1349e-024	1.64427e-011	1.00309e-023	7.06427e-012	0.1
580	0.5	0.5	1.30021e-037	2.14227e-024	1.64711e-011	1.00655e-023	7.07645e-012	0.1
581	0.5	0.5	1.30695e-037	2.14966e-024	1.64994e-011	1.01001e-023	7.08863e-012	0.1
582	0.5	0.5	1.31371e-037	2.15706e-024	1.65278e-011	1.01348e-023	7.10081e-012	0.1
583	0.5	0.5	1.32049e-037	2.16447e-024	1.65561e-011	1.01696e-023	7.11299e-012	0.1
584	0.5	0.5	1.3273e-037	2.1719e-024	1.65845e-011	1.02044e-023	7.12517e-012	0.1
585	0.5	0.5	1.33413e-037	2.17934e-024	1.66128e-011	1.02393e-023	7.13735e-012	0.1
586	0.5	0.5	1.34098e-037	2.18679e-024	1.66412e-011	1.02743e-023	7.14953e-012	0.1
587	0.5	0.5	1.34786e-037	2.19425e-024	1.66695e-011	1.03093e-023	7.16171e-012	0.1
588	0.5	0.5	1.35476e-037	2.20173e-024	1.66979e-011	1.03443e-023	7.17389e-012	0.1
589	0.5	0.5	1.36168e-037	2.20922e-024	1.67262e-011	1.03795e-023	7.18607e-012	0.1
590	0.5	0.5	1.36863e-037	2.21672e-024	1.67546e-011	1.04146e-023	7.19825e-012	0.1
591	0.5	0.5	1.3756e-037	2.22423e-024	1.67829e-011	1.04499e-023	7.21043e-012	0.1
592	0.5	0.5	1.3826e-037	2.23176e-024	1.68113e-011	1.04852e-023	7.2226e-012	0.1
593	0.5	0.5	1.38961e-037	2.2393e-024	1.68396e-011	1.05206e-023	7.23478e-012	0.1
594	0.5	0.5	1.39666e-037	2.24685e-024	1.6868e-011	1.0556e-023	7.24696e-012	0.1
595	0.5	0.5	1.40372e-037	2.25442e-024	1.68963e-011	1.05915e-023	7.25914e-012	0.1
596	0.5	0.5	1.41081e-037	2.26199e-024	1.69247e-011	1.0627e-023	7.27132e-012	0.1
597	0.5	0.5	1.41793e-037	2.26958e-024	1.6953e-011	1.06626e-023	7.2835e-012	0.1
598	0.5	0.5	1.42506e-037	2.27719e-024	1.69814e-011	1.06983e-023	7.29568e-012	0.1
599	0.5	0.5	1.43222e-037	2.2848e-024	1.70097e-011	1.0734e-023	7.30786e-012	0.1
600	0.5	0.5	1.43941e-037	2.29243e-024	1.70381e-011	1.07698e-023	7.32004e-012	0.1
601	0.5	0.5	1.44662e-037	2.30007e-024	1.70664e-011	1.08056e-023	7.33222e-012	0.1
602	0.5	0.5	1.45385e-037	2.30773e-024	1.70948e-011	1.08415e-023	7.3444e-012	0.1
603	0.5	0.5	1.46111e-037	2.3154e-024	1.71231e-011	1.08775e-023	7.35658e-012	0.1
604	0.5	0.5	1.46839e-037	2.32308e-024	1.71515e-011	1.09135e-023	7.36876e-012	0.1
605	0.5	0.5	1.47569e-037	2.33077e-024	1.71798e-011	1.09496e-023	7.38094e-012	0.1
606	0.5	0.5	1.48302e-037	2.33847e-024	1.72082e-011	1.09857e-023	7.39312e-012	0.1
607	0.5	0.5	1.49038e-037	2.34619e-024	1.72365e-011	1.10219e-023	7.4053e-012	0.1
608	0.5	0.5	1.49776e-037	2.35392e-024	1.72649e-011	1.10581e-023	7.41748e-012	0.1
609	0.5	0.5	1.50516e-037	2.36166e-024	1.72932e-011	1.10945e-023	7.42966e-012	0.1
610	0.5	0.5	1.51259e-037	2.36942e-024	1.73216e-011	1.11308e-023	7.44184e-012	0.1
611	0.5	0.5	1.52004e-037	2.37719e-024	1.73499e-011	1.11673e-023	7.45402e-012	0.1
612	0.5	0.5	1.52751e-037	2.38497e-024	1.73783e-011	1.12038e-023	7.4662e-012	0.1
613	0.5	0.5	1.53501e-037	2.39276e-024	1.74066e-011	1.12403e-023	7.47838e-012	0.1
614	0.5	0.5	1.54254e-037	2.40057e-024	1.7435e-011	1.12769e-023	7.49056e-012	0.1
615	0.5	0.5	1.55009e-037	2.40839e-024	1.74633e-011	1.13136e-023	7.50274e-012	0.1
616	0.5	0.5	1.55766e-037	2.41622e-024	1.74917e-011	1.13503e-023	7.51492e-012	0.1
617	0.5	0.5	1.56526e-037	2.42407e-024	1.752e-011	1.13871e-023	7.5271e-012	0.1
618	0.5	0.5	1.57288e-037	2.43192e-024	1.75484e-011	1.1424e-023	7.53928e-012	0.1
619	0.5	0.5	1.58053e-037	2.43979e-024	1.75767e-011	1.14609e-023	7.55146e-012	0.1
620	0.5	0.5	1.5882e-037	2.44768e-024	1.76051e-011	1.14979e-023	7.56364e-012	0.1
621	0.5	0.5	1.5959e-037	2.45557e-024	1.76334e-011	1.15349e-023	7.57582e-012	0.1
622	0.5	0.5	1.60362e-037	2.46348e-024	1.76618e-011	1.1572e-023	7.588e-012	0.1
623	0.5	0.5	1.61137e-037	2.4714e-024	1.76901e-011	1.16091e-023	7.60018e-012	0.1
624	0.5	0.5	1.61914e-037	2.47934e-024	1.77185e-011	1.16463e-023	7.61236e-012	0.1
625	0.5	0.5	1.62694e-037	2.48728e-024	1.77468e-011	1.16836e-023	7.62454e-012	0.1
626	0.5	0.5	1.63476e-037	2.49524e-024	1.77752e-011	1.17209e-023	7.63672e-012	0.1
627	0.5	0.5	1.6426e-037	2.50321e-024	1.78035e-011	1.17583e-023	7.6489e-012	0.1
628	0.5	0.5	1.65048e-037	2.5112e-024	1.78319e-011	1.17958e-023	7.66108e-012	0.1
629	0.5	0.5	1.65837e-037	2.5192e-024	1.78602e-011	1.18333e-023	7.67326e-012	0.1
630	0.5	0.5	1.6663e-037	2.52721e-024	1.78886e-011	1.18708e-023	7.68544e-012	0.1
631	0.5	0.5	1.67424e-037	2.53523e-024	1.79169e-011	1.19085e-023	7.69762e-012	0.1
632	0.5	0.5	1.68222e-037	2.54327e-024	1.79453e-011	1.19462e-023	7.7098e-012	0.1
633	0.5	0.5	1.69021e-037	2.55131e-024	1.79736e-011	1.19839e-023	7.72198e-012	0.1
634	0.5	0.5	1.69824e-037	2.55937e-024	1.80019e-011	1.20217e-023	7.73416e-012	0.1
635	0.5	0.5	1.70629e-037	2.56745e-024	1.80303e-011	1.20596e-023	7.74634e-012	0.1
636	0.5	0.5	1.71436e-037	2.57554e-024	1.80586e-011	1.20975e-023	7.75851e-012	0.1
637	0.5	0.5	1.72246e-037	2.58363e-024	1.8087e-011	1.21355e-023	7.77069e-012	0.1
638	0.5	0.5	1.73058e-037	2.59175e-024	1.81153e-011	1.21735e-023	7.78287e-012	0.1
639	0.5	0.5	1.73873e-037	2.59987e-024	1.81437e-011	1.22116e-023	7.79505e-012	0.1
640	0.5	0.5	1.74691e-037	2.60801e-024	1.8172e-011	1.22498e-023	7.80723e-012	0.1
641	0.5	0.5	1.75511e-037	2.61616e-024	1.82004e-011	1.2288e-023	7.81941e-012	0.1
642	0.5	0.5	1.76334e-037	2.62432e-024	1.82287e-011	1.23263e-023	7.83159e-012	0.1
643	0.5	0.5	1.77159e-037	2.6325e-024	1.82571e-011	1.23646e-023	7.84377e-012	0.1
644	0.5	0.5	1.77987e-037	2.64068e-024	1.82854e-011	1.2403e-023	7.85595e-012	0.1
645	0.5	0.5	1.78817e-037	2.64889e-024	1.83138e-011	1.24415e-023	7.86813e-012	0.1
646	0.5	0.5	1.7965e-037	2.6571e-024	1.83421e-011	1.248e-023	7.88031e-012	0.1
647	0.5	0.5	1.80486e-037	2.66533e-024	1.83705e-011	1.25186e-023	7.89249e-012	0.1
648	0.5	0.5	1.81324e-037	2.67356e-024	1.83988e-011	1.25572e-023	7.90467e-012	0.1
649	0.5	0.5	1.82165e-037	2.68182e-024	1.84272e-011	1.25959e-023	7.91685e-012	0.1
650	0.5	0.5	1.83008e-037	2.69008e-024	1.84555e-011	1.26347e-023	7.92903e-012	0.1
651	0.5	0.5	1.83854e-037	2.69836e-024	1.84839e-011	1.26735e-023	7.94121e-012	0.1
652	0.5	0.5	1.84703e-037	2.70665e-024	1.85122e-011	1.27124e-023	7.95339e-012	0.1
653	0.5	0.5	1.85554e-037	2.71495e-024	1.85406e-011	1.27513e-023	7.96557e-012	0.1
654	0.5	0.5	1.86408e-037	2.72327e-024	1.85689e-011	1.27903e-023	7.97775e-012	0.1
655	0.5	0.5	1.87264e-037	2.73159e-024	1.85973e-011	1.28293e-023	7.98993e-012	0.1
656	0.5	0.5	1.88123e-037	2.73993e-024	1.86256e-011	1.28685e-023	8.00211e-012	0.1
657	0.5	0.5	1.88985e-037	2.74829e-024	1.8654e-011	1.29076e-023	8.01429e-012	0.1
658	0.5	0.5	1.89849e-037	2.75665e-024	1.86823e-011	1.29469e-023	8.02647e-012	0.1
659	0.5	0.5	1.90716e-037	2.76503e-024	1.87107e-011	1.29862e-023	8.03865e-012	0.1
660	0.5	0.5	1.91585e-037	2.77342e-024	1.8739e-011	1.30255e-023	8.05083e-012	0.1
661	0.5	0.5	1.92458e-037	2.78183e-024	1.87674e-011	1.30649e-023	8.06301e-012	0.1
662	0.5	0.5	1.93332e-037	2.79025e-024	1.87957e-011	1.31044e-023	8.07519e-012	0.1
663	0.5	0.5	1.9421e-037	2.79868e-024	1.88241e-011	1.31439e-023	8.08737e-012	0.1
664	0.5	0.5	1.9509e-037	2.80712e-024	1.88524e-011	1.31835e-023	8.09955e-012	0.1
665	0.5	0.5	1.95973e-037	2.81557e-024	1.88808e-011	1.32232e-023	8.11173e-012	0.1
666	0.5	0.5	1.96858e-037	2.82404e-024	1.89091e-011	1.32629e-023	8.12391e-012	0.1
667	0.5	0.5	1.97746e-037	2.83252e-024	1.89375e-011	1.33026e-023	8.13609e-012	0.1
668	0.5	0.5	1.98637e-037	2.84101e-024	1.89658e-011	1.33425e-023	8.14827e-012	0.1
669	0.5	0.5	1.9953e-037	2.84952e-024	1.89942e-011	1.33824e-023	8.16045e-012	0.1
670	0.5	0.5	2.00426e-037	2.85804e-024	1.90225e-011	1.34223e-023	8.17263e-012	0.1
671	0.5	0.5	2.01325e-037	2.86657e-024	1.90509e-011	1.34623e-023	8.18481e-012	0.1
672	0.5	0.5	2.02227e-037	2.87512e-024	1.90792e-011	1.35024e-023	8.19699e-012	0.1
673	0.5	0.5	2.03131e-037	2.88367e-024	1.91076e-011	1.35425e-023	8.20917e-012	0.1
674	0.5	0.5	2.04038e-037	2.89224e-024	1.91359e-011	1.35827e-023	8.22135e-012	0.1
675	0.5	0.5	2.04947e-037	2.90082e-024	1.91643e-011	1.36229e-023	8.23353e-012	0.1
676	0.5	0.5	2.05859e-037	2.90942e-024	1.91926e-011	1.36632e-023	8.24571e-012	0.1
677	0.5	0.5	2.06774e-037	2.91803e-024	1.9221e-011	1.37036e-023	8.25789e-012	0.1
678	0.5	0.5	2.07692e-037	2.92665e-024	1.92493e-011	1.3744e-023	8.27007e-012	0.1
679	0.5	0.5	2.08612e-037	2.93528e-024	1.92777e-011	1.37845e-023	8.28225e-012	0.1
680	0.5	0.5	2.09535e-037	2.94393e-024	1.9306e-011	1.3825e-023	8.29442e-012	0.1
681	0.5	0.5	2.10461e-037	2.95259e-024	1.93344e-011	1.38656e-023	8.3066e-012	0.1
682	0.5	0.5	2.1139e-037	2.96126e-024	1.93627e-011	1.39063e-023	8.31878e-012	0.1
683	0.5	0.5	2.12321e-037	2.96994e-024	1.93911e-011	1.3947e-023	8.33096e-012	0.1
684	0.5	0.5	2.13255e-037	2.97864e-024	1.94194e-011	1.39878e-023	8.34314e-012	0.1
685	0.5	0.5	2.14192e-037	2.98735e-024	1.94478e-011	1.40287e-023	8.35532e-012	0.1
686	0.5	0.5	2.15131e-037	2.99607e-024	1.94761e-011	1.40696e-023	8.3675e-012	0.1
687	0.5	0.5	2.16073e-037	3.0048e-024	1.95045e-011	1.41105e-023	8.37968e-012	0.1
688	0.5	0.5	2.17018e-037	3.01355e-024	1.95328e-011	1.41515e-023	8.39186e-012	0.1
689	0.5	0.5	2.17966e-037	3.02231e-024	1.95612e-011	1.41926e-023	8.40404e-012	0.1
690	0.5	0.5	2.18916e-037	3.03108e-024	1.95895e-011	1.42337e-023	8.41622e-012	0.1
691	0.5	0.5	2.19869e-037	3.03987e-024	1.96179e-011	1.42749e-023	8.4284e-012	0.1
692	0.5	0.5	2.20825e-037	3.04867e-024	1.96462e-011	1.43162e-023	8.44058e-012	0.1
693	0.5	0.5	2.21784e-037	3.05748e-024	1.96746e-011	1.43575e-023	8.45276e-012	0.1
694	0.5	0.5	2.22746e-037	3.0663e-024	1.97029e-011	1.43989e-023	8.46494e-012	0.1
695	0.5	0.5	2.2371e-037	3.07514e-024	1.97313e-011	1.44403e-023	8.47712e-012	0.1
696	0.5	0.5	2.24677e-037	3.08399e-024	1.97596e-011	1.44818e-023	8.4893e-012	0.1
697	0.5	0.5	2.25647e-037	3.09285e-024	1.9788e-011	1.45234e-023	8.50148e-012	0.1
698	0.5	0.5	2.26619e-037	3.10173e-024	1.98163e-011	1.4565e-023	8.51366e-012	0.1
699	0.5	0.5	2.27595e-037	3.11061e-024	1.98447e-011	1.46067e-023	8.52584e-012	0.1
700	0.5	0.5	2.28573e-037	3.11951e-024	1.9873e-011	1.46484e-023	8.53802e-012	0.1
701	0.5	0.5	2.29554e-037	3.12843e-024	1.99014e-011	1.46902e-023	8.5502e-012	0.1
702	0.5	0.5	2.30538e-037	3.13735e-024	1.99297e-011	1.4732e-023	8.56238e-012	0.1
703	0.5	0.5	2.31524e-037	3.14629e-024	1.99581e-011	1.4774e-023	8.57456e-012	0.1
704	0.5	0.5	2.32514e-037	3.15524e-024	1.99864e-011	1.48159e-023	8.58674e-012	0.1
705	0.5	0.5	2.33506e-037	3.16421e-024	2.00148e-011	1.4858e-023	8.59892e-012	0.1
706	0.5	0.5	2.34501e-037	3.17318e-024	2.00431e-011	1.49001e-023	8.6111e-012	0.1
707	0.5	0.5	2.35499e-037	3.18217e-024	2.00715e-011	1.49422e-023	8.62328e-012	0.1
708	0.5	0.5	2.365e-037	3.19117e-024	2.00998e-011	1.49844e-023	8.63546e-012	0.1
709	0.5	0.5	2.37503e-037	3.20019e-024	2.01282e-011	1.50267e-023	8.64764e-012	0.1
710	0.5	0.5	2.3851e-037	3.20922e-024	2.01565e-011	1.5069e-023	8.65982e-012	0.1
711	0.5	0.5	2.39519e-037	3.21826e-024	2.01849e-011	1.51114e-023	8.672e-012	0.1
712	0.5	0.5	2.40531e-037	3.22731e-024	2.02132e-011	1.51538e-023	8.68418e-012	0.1
713	0.5	0.5	2.41546e-037	3.23637e-024	2.02416e-011	1.51964e-023	8.69636e-012	0.1
714	0.5	0.5	2.42563e-037	3.24545e-024	2.02699e-011	1.52389e-023	8.70854e-012	0.1
715	0.5	0.5	2.43584e-037	3.25454e-024	2.02983e-011	1.52815e-023	8.72072e-012	0.1
716	0.5	0.5	2.44608e-037	3.26365e-024	2.03266e-011	1.53242e-023	8.7329e-012	0.1
717	0.5	0.5	2.45634e-037	3.27276e-024	2.0355e-011	1.5367e-023	8.74508e-012	0.1
718	0.5	0.5	2.46663e-037	3.28189e-024	2.03833e-011	1.54098e-023	8.75726e-012	0.1
719	0.5	0.5	2.47695e-037	3.29103e-024	2.04117e-011	1.54526e-023	8.76944e-012	0.1
720	0.5	0.5	2.4873e-037	3.30019e-024	2.044e-011	1.54956e-023	8.78162e-012	0.1
721	0.5	0.5	2.49768e-037	3.30936e-024	2.04684e-011	1.55386e-023	8.7938e-012	0.1
722	0.5	0.5	2.50809e-037	3.31854e-024	2.04967e-011	1.55816e-023	8.80598e-012	0.1
723	0.5	0.5	2.51852e-037	3.32773e-024	2.05251e-011	1.56247e-023	8.81816e-012	0.1
724	0.5	0.5	2.52899e-037	3.33693e-024	2.05534e-011	1.56679e-023	8.83033e-012	0.1
725	0.5	0.5	2.53948e-037	3.34615e-024	2.05818e-011	1.57111e-023	8.84251e-012	0.1
726	0.5	0.5	2.55e-037	3.35538e-024	2.06101e-011	1.57544e-023	8.85469e-012	0.1
727	0.5	0.5	2.56055e-037	3.36463e-024	2.06385e-011	1.57977e-023	8.86687e-012	0.1
728	0.5	0.5	2.57114e-037	3.37388e-024	2.06668e-011	1.58411e-023	8.87905e-012	0.1
729	0.5	0.5	2.58175e-037	3.38315e-024	2.06952e-011	1.58846e-023	8.89123e-012	0.1
730	0.5	0.5	2.59238e-037	3.39243e-024	2.07235e-011	1.59281e-023	8.90341e-012	0.1
731	0.5	0.5	2.60305e-037	3.40173e-024	2.07519e-011	1.59717e-023	8.91559e-012	0.1
732	0.5	0.5	2.61375e-037	3.41103e-024	2.07802e-011	1.60153e-023	8.92777e-012	0.1
733	0.5	0.5	2.62448e-037	3.42035e-024	2.08086e-011	1.6059e-023	8.93995e-012	0.1
734	0.5	0.5	2.63523e-037	3.42969e-024	2.08369e-011	1.61028e-023	8.95213e-012	0.1
735	0.5	0.5	2.64602e-037	3.43903e-024	2.08653e-011	1.61466e-023	8.96431e-012	0.1
736	0.5	0.5	2.65683e-037	3.44839e-024	2.08936e-011	1.61905e-023	8.97649e-012	0.1
737	0.5	0.5	2.66768e-037	3.45776e-024	2.0922e-011	1.62344e-023	8.98867e-012	0.1
738	0.5	0.5	2.67855e-037	3.46714e-024	2.09503e-011	1.62784e-023	9.00085e-012	0.1
739	0.5	0.5	2.68945e-037	3.47654e-024	2.09787e-011	1.63224e-023	9.01303e-012	0.1
740	0.5	0.5	2.70039e-037	3.48595e-024	2.1007e-011	1.63666e-023	9.02521e-012	0.1
741	0.5	0.5	2.71135e-037	3.49537e-024	2.10353e-011	1.64107e-023	9.03739e-012	0.1
742	0.5	0.5	2.72234e-037	3.5048e-024	2.10637e-011	1.6455e-023	9.04957e-012	0.1
743	0.5	0.5	2.73336e-037	3.51425e-024	2.1092e-011	1.64993e-023	9.06175e-012	0.1
744	0.5	0.5	2.74441e-037	3.52371e-024	2.11204e-011	1.65436e-023	9.07393e-012	0.1
745	0.5	0.5	2.75549e-037	3.53318e-024	2.11487e-011	1.6588e-023	9.08611e-012	0.1
746	0.5	0.5	2.76661e-037	3.54267e-024	2.11771e-011	1.66325e-023	9.09829e-012	0.1
747	0.5	0.5	2.77775e-037	3.55217e-024	2.12054e-011	1.6677e-023	9.11047e-012	0.1
748	0.5	0.5	2.78892e-037	3.56168e-024	2.12338e-011	1.67216e-023	9.12265e-012	0.1
749	0.5	0.5	2.80012e-037	3.5712e-024	2.12621e-011	1.67663e-023	9.13483e-012	0.1
750	0.5	0.5	2.81135e-037	3.58073e-024	2.12905e-011	1.6811e-023	9.14701e-012	0.1
751	0.5	0.5	2.82261e-037	3.59028e-024	2.13188e-011	1.68557e-023	9.15919e-012	0.1
752	0.5	0.5	2.8339e-037	3.59984e-024	2.13472e-011	1.69006e-023	9.17137e-012	0.1
753	0.5	0.5	2.84522e-037	3.60942e-024	2.13755e-011	1.69455e-023	9.18355e-012	0.1
754	0.5	0.5	2.85657e-037	3.61901e-024	2.14039e-011	1.69904e-023	9.19573e-012	0.1
755	0.5	0.5	2.86795e-037	3.6286e-024	2.14322e-011	1.70354e-023	9.20791e-012	0.1
756	0.5	0.5	2.87936e-037	3.63822e-024	2.14606e-011	1.70805e-023	9.22009e-012	0.1
757	0.5	0.5	2.8908e-037	3.64784e-024	2.14889e-011	1.71256e-023	9.23227e-012	0.1
758	0.5	0.5	2.90227e-037	3.65748e-024	2.15173e-011	1.71708e-023	9.24445e-012	0.1
759	0.5	0.5	2.91378e-037	3.66713e-024	2.15456e-011	1.7216e-023	9.25663e-012	0.1
760	0.5	0.5	2.92531e-037	3.67679e-024	2.1574e-011	1.72613e-023	9.26881e-012	0.1
761	0.5	0.5	2.93687e-037	3.68647e-024	2.16023e-011	1.73067e-023	9.28099e-012	0.1
762	0.5	0.5	2.94846e-037	3.69616e-024	2.16307e-011	1.73521e-023	9.29317e-012	0.1
763	0.5	0.5	2.96009e-037	3.70586e-024	2.1659e-011	1.73976e-023	9.30535e-012	0.1
764	0.5	0.5	2.97174e-037	3.71557e-024	2.16874e-011	1.74432e-023	9.31753e-012	0.1
765	0.5	0.5	2.98343e-037	3.7253e-024	2.17157e-011	1.74888e-023	9.32971e-012	0.1
766	0.5	0.5	2.99514e-037	3.73504e-024	2.17441e-011	1.75344e-023	9.34189e-012	0.1
767	0.5	0.5	3.00689e-037	3.74479e-024	2.17724e-011	1.75802e-023	9.35407e-012	0.1
768	0.5	0.5	3.01866e-037	3.75456e-024	2.18008e-011	1.76259e-023	9.36624e-012	0.1
769	0.5	0.5	3.03047e-037	3.76433e-024	2.18291e-011	1.76718e-023	9.37842e-012	0.1
770	0.5	0.5	3.04231e-037	3.77412e-024	2.18575e-011	1.77177e-023	9.3906e-012	0.1
771	0.5	0.5	3.05418e-037	3.78393e-024	2.18858e-011	1.77636e-023	9.40278e-012	0.1
772	0.5	0.5	3.06607e-037	3.79374e-024	2.19142e-011	1.78097e-023	9.41496e-012	0.1
773	0.5	0.5	3.07801e-037	3.80357e-024	2.19425e-011	1.78557e-023	9.42714e-012	0.1
774	0.5	0.5	3.08997e-037	3.81341e-024	2.19709e-011	1.79019e-023	9.43932e-012	0.1
775	0.5	0.5	3.10196e-037	3.82326e-024	2.19992e-011	1.79481e-023	9.4515e-012	0.1
776	0.5	0.5	3.11398e-037	3.83313e-024	2.20276e-011	1.79943e-023	9.46368e-012	0.1
777	0.5	0.5	3.12604e-037	3.84301e-024	2.20559e-011	1.80406e-023	9.47586e-012	0.1
778	0.5	0.5	3.13812e-037	3.8529e-024	2.20843e-011	1.8087e-023	9.48804e-012	0.1
779	0.5	0.5	3.15024e-037	3.86281e-024	2.21126e-011	1.81335e-023	9.50022e-012	0.1
780	0.5	0.5	3.16238e-037	3.87272e-024	2.2141e-011	1.818e-023	9.5124e-012	0.1
781	0.5	0.5	3.17456e-037	3.88265e-024	2.21693e-011	1.82265e-023	9.52458e-012	0.1
782	0.5	0.5	3.18677e-037	3.8926e-024	2.21977e-011	1.82731e-023	9.53676e-012	0.1
783	0.5	0.5	3.19901e-037	3.90255e-024	2.2226e-011	1.83198e-023	9.54894e-012	0.1
784	0.5	0.5	3.21129e-037	3.91252e-024	2.22544e-011	1.83665e-023	9.56112e-012	0.1
785	0.5	0.5	3.22359e-037	3.9225e-024	2.22827e-011	1.84133e-023	9.5733e-012	0.1
786	0.5	0.5	3.23593e-037	3.9325e-024	2.23111e-011	1.84602e-023	9.58548e-012	0.1
787	0.5	0.5	3.24829e-037	3.9425e-024	2.23394e-011	1.85071e-023	9.59766e-012	0.1
788	0.5	0.5	3.26069e-037	3.95252e-024	2.23678e-011	1.85541e-023	9.60984e-012	0.1
789	0.5	0.5	3.27312e-037	3.96255e-024	2.23961e-011	1.86011e-023	9.62202e-012	0.1
790	0.5	0.5	3.28558e-037	3.9726e-024	2.24245e-011	1.86482e-023	9.6342e-012	0.1
791	0.5	0.5	3.29807e-037	3.98265e-024	2.24528e-011	1.86953e-023	9.64638e-012	0.1
792	0.5	0.5	3.3106e-037	3.99272e-024	2.24812e-011	1.87426e-023	9.65856e-012	0.1
793	0.5	0.5	3.32315e-037	4.00281e-024	2.25095e-011	1.87898e-023	9.67074e-012	0.1
794	0.5	0.5	3.33574e-037	4.0129e-024	2.25379e-011	1.88372e-023	9.68292e-012	0.1
795	0.5	0.5	3.34836e-037	4.02301e-024	2.25662e-011	1.88845e-023	9.6951e-012	0.1
796	0.5	0.5	3.36101e-037	4.03313e-024	2.25946e-011	1.8932e-023	9.70728e-012	0.1
797	0.5	0.5	3.3737e-037	4.04326e-024	2.26229e-011	1.89795e-023	9.71946e-012	0.1
798	0.5	0.5	3.38641e-037	4.05341e-024	2.26513e-011	1.90271e-023	9.73164e-012	0.1
799	0.5	0.5	3.39916e-037	4.06357e-024	2.26796e-011	1.90747e-023	9.74382e-012	0.1
800	0.5	0.5	3.41194e-037	4.07374e-024	2.2708e-011	1.91224e-023	9.756e-012	0.1
801	0.5	0.5	3.42475e-037	4.08393e-024	2.27363e-011	1.91701e-023	9.76818e-012	0.1
802	0.5	0.5	3.43759e-037	4.09412e-024	2.27647e-011	1.92179e-023	9.78036e-012	0.1
803	0.5	0.5	3.45046e-037	4.10433e-024	2.2793e-011	1.92658e-023	9.79254e-012	0.1
804	0.5	0.5	3.46337e-037	4.11455e-024	2.28214e-011	1.93137e-023	9.80472e-012	0.1
805	0.5	0.5	3.47631e-037	4.12479e-024	2.28497e-011	1.93617e-023	9.8169e-012	0.1
806	0.5	0.5	3.48928e-037	4.13504e-024	2.28781e-011	1.94098e-023	9.82908e-012	0.1
807	0.5	0.5	3.50229e-037	4.1453e-024	2.29064e-011	1.94579e-023	9.84126e-012	0.1
808	0.5	0.5	3.51532e-037	4.15557e-024	2.29348e-011	1.9506e-023	9.85344e-012	0.1
809	0.5	0.5	3.52839e-037	4.16586e-024	2.29631e-011	1.95542e-023	9.86562e-012	0.1
810	0.5	0.5	3.54149e-037	4.17616e-024	2.29915e-011	1.96025e-023	9.8778e-012	0.1
811	0.5	0.5	3.55462e-037	4.18647e-024	2.30198e-011	1.96509e-023	9.88998e-012	0.1
812	0.5	0.5	3.56779e-037	4.19679e-024	2.30482e-011	1.96993e-023	9.90215e-012	0.1
813	0.5	0.5	3.58099e-037	4.20713e-024	2.30765e-011	1.97477e-023	9.91433e-012	0.1
814	0.5	0.5	3.59422e-037	4.21748e-024	2.31049e-011	1.97962e-023	9.92651e-012	0.1
815	0.5	0.5	3.60748e-037	4.22784e-024	2.31332e-011	1.98448e-023	9.93869e-012	0.1
816	0.5	0.5	3.62077e-037	4.23822e-024	2.31616e-011	1.98935e-023	9.95087e-012	0.1
817	0.5	0.5	3.6341e-037	4.2486e-024	2.31899e-011	1.99422e-023	9.96305e-012	0.1
818	0.5	0.5	3.64746e-037	4.259e-024	2.32183e-011	1.99909e-023	9.97523e-012	0.1
819	0.5	0.5	3.66086e-037	4.26942e-024	2.32466e-011	2.00397e-023	9.98741e-012	0.1
820	0.5	0.5	3.67428e-037	4.27984e-024	2.3275e-011	2.00886e-023	9.99959e-012	0.1
821	0.5	0.5	3.68774e-037	4.29028e-024	2.33033e-011	2.01376e-023	1.00118e-011	0.1
822	0.5	0.5	3.70123e-037	4.30073e-024	2.33317e-011	2.01866e-023	1.0024e-011	0.1
823	0.5	0.5	3.71476e-037	4.3112e-024	2.336e-011	2.02356e-023	1.00361e-011	0.1
824	0.5	0.5	3.72831e-037	4.32167e-024	2.33884e-011	2.02847e-023	1.00483e-011	0.1
825	0.5	0.5	3.74191e-037	4.33216e-024	2.34167e-011	2.03339e-023	1.00605e-011	0.1
826	0.5	0.5	3.75553e-037	4.34267e-024	2.34451e-011	2.03831e-023	1.00727e-011	0.1
827	0.5	0.5	3.76919e-037	4.35318e-024	2.34734e-011	2.04324e-023	1.00849e-011	0.1
828	0.5	0.5	3.78287e-037	4.36371e-024	2.35018e-011	2.04818e-023	1.0097e-011	0.1
829	0.5	0.5	3.7966e-037	4.37425e-024	2.35301e-011	2.05312e-023	1.01092e-011	0.1
830	0.5	0.5	3.81035e-037	4.3848e-024	2.35585e-011	2.05807e-023	1.01214e-011	0.1
831	0.5	0.5	3.82414e-037	4.39537e-024	2.35868e-011	2.06302e-023	1.01336e-011	0.1
832	0.5	0.5	3.83796e-037	4.40595e-024	2.36152e-011	2.06798e-023	1.01458e-011	0.1
833	0.5	0.5	3.85182e-037	4.41654e-024	2.36435e-011	2.07294e-023	1.01579e-011	0.1
834	0.5	0.5	3.86571e-037	4.42714e-024	2.36719e-011	2.07792e-023	1.01701e-011	0.1
835	0.5	0.5	3.87963e-037	4.43776e-024	2.37002e-011	2.08289e-023	1.01823e-011	0.1
836	0.5	0.5	3.89359e-037	4.44839e-024	2.37286e-011	2.08788e-023	1.01945e-011	0.1
837	0.5	0.5	3.90758e-037	4.45903e-024	2.37569e-011	2.09286e-023	1.02066e-011	0.1
838	0.5	0.5	3.9216e-037	4.46968e-024	2.37853e-011	2.09786e-023	1.02188e-011	0.1
839	0.5	0.5	3.93565e-037	4.48035e-024	2.38136e-011	2.10286e-023	1.0231e-011	0.1
840	0.5	0.5	3.94974e-037	4.49103e-024	2.3842e-011	2.10787e-023	1.02432e-011	0.1
841	0.5	0.5	3.96387e-037	4.50173e-024	2.38703e-011	2.11288e-023	1.02554e-011	0.1
842	0.5	0.5	3.97802e-037	4.51243e-024	2.38987e-011	2.1179e-023	1.02675e-011	0.1
843	0.5	0.5	3.99221e-037	4.52315e-024	2.3927e-011	2.12292e-023	1.02797e-011	0.1
844	0.5	0.5	4.00644e-037	4.53388e-024	2.39554e-011	2.12795e-023	1.02919e-011	0.1
845	0.5	0.5	4.02069e-037	4.54462e-024	2.39837e-011	2.13299e-023	1.03041e-011	0.1
846	0.5	0.5	4.03499e-037	4.55538e-024	2.4012e-011	2.13803e-023	1.03163e-011	0.1
847	0.5	0.5	4.04931e-037	4.56615e-024	2.40404e-011	2.14308e-023	1.03284e-011	0.1
848	0.5	0.5	4.06367e-037	4.57693e-024	2.40687e-011	2.14814e-023	1.03406e-011	0.1
849	0.5	0.5	4.07806e-037	4.58773e-024	2.40971e-011	2.1532e-023	1.03528e-011	0.1
850	0.5	0.5	4.09249e-037	4.59853e-024	2.41254e-011	2.15826e-023	1.0365e-011	0.1
851	0.5	0.5	4.10695e-037	4.60935e-024	2.41538e-011	2.16333e-023	1.03772e-011	0.1
852	0.5	0.5	4.12145e-037	4.62019e-024	2.41821e-011	2.16841e-023	1.03893e-011	0.1
853	0.5	0.5	4.13598e-037	4.63103e-024	2.42105e-011	2.1735e-023	1.04015e-011	0.1
854	0.5	0.5	4.15054e-037	4.64189e-024	2.42388e-011	2.17859e-023	1.04137e-011	0.1
855	0.5	0.5	4.16514e-037	4.65276e-024	2.42672e-011	2.18368e-023	1.04259e-011	0.1
856	0.5	0.5	4.17977e-037	4.66365e-024	2.42955e-011	2.18879e-023	1.04381e-011	0.1
857	0.5	0.5	4.19443e-037	4.67454e-024	2.43239e-011	2.19389e-023	1.04502e-011	0.1
858	0.5	0.5	4.20914e-037	4.68545e-024	2.43522e-011	2.19901e-023	1.04624e-011	0.1
859	0.5	0.5	4.22387e-037	4.69637e-024	2.43806e-011	2.20413e-023	1.04746e-011	0.1
860	0.5	0.5	4.23864e-037	4.70731e-024	2.44089e-011	2.20925e-023	1.04868e-011	0.1
861	0.5	0.5	4.25344e-037	4.71825e-024	2.44373e-011	2.21439e-023	1.0499e-011	0.1
862	0.5	0.5	4.26828e-037	4.72921e-024	2.44656e-011	2.21952e-023	1.05111e-011	0.1
863	0.5	0.5	4.28315e-037	4.74019e-024	2.4494e-011	2.22467e-023	1.05233e-011	0.1
864	0.5	0.5	4.29806e-037	4.75117e-024	2.45223e-011	2.22982e-023	1.05355e-011	0.1
865	0.5	0.5	4.313e-037	4.76217e-024	2.45507e-011	2.23497e-023	1.05477e-011	0.1
866	0.5	0.5	4.32797e-037	4.77318e-024	2.4579e-011	2.24013e-023	1.05599e-011	0.1
867	0.5	0.5	4.34298e-037	4.7842e-024	2.46074e-011	2.2453e-023	1.0572e-011	0.1
868	0.5	0.5	4.35803e-037	4.79524e-024	2.46357e-011	2.25047e-023	1.05842e-011	0.1
869	0.5	0.5	4.37311e-037	4.80629e-024	2.46641e-011	2.25565e-023	1.05964e-011	0.1
870	0.5	0.5	4.38822e-037	4.81735e-024	2.46924e-011	2.26084e-023	1.06086e-011	0.1
871	0.5	0.5	4.40337e-037	4.82843e-024	2.47208e-011	2.26603e-023	1.06208e-011	0.1
872	0.5	0.5	4.41856e-037	4.83951e-024	2.47491e-011	2.27123e-023	1.06329e-011	0.1
873	0.5	0.5	4.43378e-037	4.85061e-024	2.47775e-011	2.27643e-023	1.06451e-011	0.1
874	0.5	0.5	4.44903e-037	4.86173e-024	2.48058e-011	2.28164e-023	1.06573e-011	0.1
875	0.5	0.5	4.46432e-037	4.87285e-024	2.48342e-011	2.28686e-023	1.06695e-011	0.1
876	0.5	0.5	4.47964e-037	4.88399e-024	2.48625e-011	2.29208e-023	1.06817e-011	0.1
877	0.5	0.5	4.495e-037	4.89514e-024	2.48909e-011	2.2973e-023	1.06938e-011	0.1
878	0.5	0.5	4.51039e-037	4.9063e-024	2.49192e-011	2.30254e-023	1.0706e-011	0.1
879	0.5	0.5	4.52582e-037	4.91748e-024	2.49476e-011	2.30778e-023	1.07182e-011	0.1
880	0.5	0.5	4.54129e-037	4.92867e-024	2.49759e-011	2.31302e-023	1.07304e-011	0.1
881	0.5	0.5	4.55679e-037	4.93987e-024	2.50043e-011	2.31827e-023	1.07426e-011	0.1
882	0.5	0.5	4.57232e-037	4.95108e-024	2.50326e-011	2.32353e-023	1.07547e-011	0.1
883	0.5	0.5	4.58789e-037	4.96231e-024	2.5061e-011	2.32879e-023	1.07669e-011	0.1
884	0.5	0.5	4.6035e-037	4.97355e-024	2.50893e-011	2.33406e-023	1.07791e-011	0.1
885	0.5	0.5	4.61914e-037	4.9848e-024	2.51177e-011	2.33934e-023	1.07913e-011	0.1
886	0.5	0.5	4.63481e-037	4.99607e-024	2.5146e-011	2.34462e-023	1.08035e-011	0.1
887	0.5	0.5	4.65052e-037	5.00735e-024	2.51744e-011	2.3499e-023	1.08156e-011	0.1
888	0.5	0.5	4.66627e-037	5.01864e-024	2.52027e-011	2.3552e-023	1.08278e-011	0.1
889	0.5	0.5	4.68205e-037	5.02994e-024	2.52311e-011	2.36049e-023	1.084e-011	0.1
890	0.5	0.5	4.69787e-037	5.04125e-024	2.52594e-011	2.3658e-023	1.08522e-011	0.1
891	0.5	0.5	4.71372e-037	5.05258e-024	2.52878e-011	2.37111e-023	1.08644e-011	0.1
892	0.5	0.5	4.72961e-037	5.06392e-024	2.53161e-011	2.37642e-023	1.08765e-011	0.1
893	0.5	0.5	4.74554e-037	5.07528e-024	2.53445e-011	2.38175e-023	1.08887e-011	0.1
894	0.5	0.5	4.7615e-037	5.08665e-024	2.53728e-011	2.38708e-023	1.09009e-011	0.1
895	0.5	0.5	4.77749e-037	5.09803e-024	2.54012e-011	2.39241e-023	1.09131e-011	0.1
896	0.5	0.5	4.79353e-037	5.10942e-024	2.54295e-011	2.39775e-023	1.09253e-011	0.1
897	0.5	0.5	4.80959e-037	5.12082e-024	2.54579e-011	2.4031e-023	1.09374e-011	0.1
898	0.5	0.5	4.8257e-037	5.13224e-024	2.54862e-011	2.40845e-023	1.09496e-011	0.1
899	0.5	0.5	4.84184e-037	5.14367e-024	2.55146e-011	2.41381e-023	1.09618e-011	0.1
900	0.5	0.5	4.85801e-037	5.15511e-024	2.55429e-011	2.41917e-023	1.0974e-011	0.1
901	0.5	0.5	4.87422e-037	5.16657e-024	2.55713e-011	2.42454e-023	1.09862e-011	0.1
902	0.5	0.5	4.89047e-037	5.17804e-024	2.55996e-011	2.42992e-023	1.09983e-011	0.1
903	0.5	0.5	4.90675e-037	5.18952e-024	2.5628e-011	2.4353e-023	1.10105e-011	0.1
904	0.5	0.5	4.92307e-037	5.20101e-024	2.56563e-011	2.44069e-023	1.10227e-011	0.1
905	0.5	0.5	4.93943e-037	5.21252e-024	2.56847e-011	2.44608e-023	1.10349e-011	0.1
906	0.5	0.5	4.95582e-037	5.22404e-024	2.5713e-011	2.45148e-023	1.10471e-011	0.1
907	0.5	0.5	4.97225e-037	5.23557e-024	2.57414e-011	2.45689e-023	1.10592e-011	0.1
908	0.5	0.5	4.98871e-037	5.24712e-024	2.57697e-011	2.4623e-023	1.10714e-011	0.1
909	0.5	0.5	5.00521e-037	5.25867e-024	2.57981e-011	2.46771e-023	1.10836e-011	0.1
910	0.5	0.5	5.02175e-037	5.27024e-024	2.58264e-011	2.47314e-023	1.10958e-011	0.1
911	0.5	0.5	5.03833e-037	5.28183e-024	2.58548e-011	2.47857e-023	1.1108e-011	0.1
912	0.5	0.5	5.05494e-037	5.29342e-024	2.58831e-011	2.484e-023	1.11201e-011	0.1
913	0.5	0.5	5.07158e-037	5.30503e-024	2.59115e-011	2.48944e-023	1.11323e-011	0.1
914	0.5	0.5	5.08826e-037	5.31665e-024	2.59398e-011	2.49489e-023	1.11445e-011	0.1
915	0.5	0.5	5.10498e-037	5.32829e-024	2.59682e-011	2.50034e-023	1.11567e-011	0.1
916	0.5	0.5	5.12174e-037	5.33993e-024	2.59965e-011	2.5058e-023	1.11689e-011	0.1
917	0.5	0.5	5.13853e-037	5.35159e-024	2.60249e-011	2.51127e-023	1.1181e-011	0.1
918	0.5	0.5	5.15536e-037	5.36326e-024	2.60532e-011	2.51674e-023	1.11932e-011	0.1
919	0.5	0.5	5.17223e-037	5.37495e-024	2.60816e-011	2.52222e-023	1.12054e-011	0.1
920	0.5	0.5	5.18913e-037	5.38665e-024	2.61099e-011	2.5277e-023	1.12176e-011	0.1
921	0.5	0.5	5.20607e-037	5.39836e-024	2.61383e-011	2.53319e-023	1.12297e-011	0.1
922	0.5	0.5	5.22305e-037	5.41008e-024	2.61666e-011	2.53868e-023	1.12419e-011	0.1
923	0.5	0.5	5.24006e-037	5.42181e-024	2.6195e-011	2.54419e-023	1.12541e-011	0.1
924	0.5	0.5	5.25711e-037	5.43356e-024	2.62233e-011	2.54969e-023	1.12663e-011	0.1
925	0.5	0.5	5.2742e-037	5.44532e-024	2.62517e-011	2.55521e-023	1.12785e-011	0.1
926	0.5	0.5	5.29132e-037	5.4571e-024	2.628e-011	2.56072e-023	1.12906e-011	0.1
927	0.5	0.5	5.30848e-037	5.46888e-024	2.63084e-011	2.56625e-023	1.13028e-011	0.1
928	0.5	0.5	5.32568e-037	5.48068e-024	2.63367e-011	2.57178e-023	1.1315e-011	0.1
929	0.5	0.5	5.34291e-037	5.49249e-024	2.63651e-011	2.57732e-023	1.13272e-011	0.1
930	0.5	0.5	5.36019e-037	5.50432e-024	2.63934e-011	2.58286e-023	1.13394e-011	0.1
931	0.5	0.5	5.3775e-037	5.51616e-024	2.64218e-011	2.58841e-023	1.13515e-011	0.1
932	0.5	0.5	5.39484e-037	5.52801e-024	2.64501e-011	2.59396e-023	1.13637e-011	0.1
933	0.5	0.5	5.41223e-037	5.53987e-024	2.64785e-011	2.59952e-023	1.13759e-011	0.1
934	0.5	0.5	5.42965e-037	5.55174e-024	2.65068e-011	2.60509e-023	1.13881e-011	0.1
935	0.5	0.5	5.44711e-037	5.56363e-024	2.65352e-011	2.61066e-023	1.14003e-011	0.1
936	0.5	0.5	5.4646e-037	5.57553e-024	2.65635e-011	2.61624e-023	1.14124e-011	0.1
937	0.5	0.5	5.48214e-037	5.58745e-024	2.65919e-011	2.62182e-023	1.14246e-011	0.1
938	0.5	0.5	5.49971e-037	5.59937e-024	2.66202e-011	2.62741e-023	1.14368e-011	0.1
939	0.5	0.5	5.51732e-037	5.61131e-024	2.66486e-011	2.63301e-023	1.1449e-011	0.1
940	0.5	0.5	5.53496e-037	5.62326e-024	2.66769e-011	2.63861e-023	1.14612e-011	0.1
941	0.5	0.5	5.55265e-037	5.63523e-024	2.67053e-011	2.64422e-023	1.14733e-011	0.1
942	0.5	0.5	5.57037e-037	5.6472e-024	2.67336e-011	2.64983e-023	1.14855e-011	0.1
943	0.5	0.5	5.58813e-037	5.65919e-024	2.6762e-011	2.65545e-023	1.14977e-011	0.1
944	0.5	0.5	5.60592e-037	5.6712e-024	2.67903e-011	2.66108e-023	1.15099e-011	0.1
945	0.5	0.5	5.62376e-037	5.68321e-024	2.68187e-011	2.66671e-023	1.15221e-011	0.1
946	0.5	0.5	5.64163e-037	5.69524e-024	2.6847e-011	2.67235e-023	1.15342e-011	0.1
947	0.5	0.5	5.65954e-037	5.70728e-024	2.68754e-011	2.67799e-023	1.15464e-011	0.1
948	0.5	0.5	5.67749e-037	5.71933e-024	2.69037e-011	2.68364e-023	1.15586e-011	0.1
949	0.5	0.5	5.69547e-037	5.7314e-024	2.69321e-011	2.6893e-023	1.15708e-011	0.1
950	0.5	0.5	5.7135e-037	5.74348e-024	2.69604e-011	2.69496e-023	1.1583e-011	0.1
951	0.5	0.5	5.73156e-037	5.75557e-024	2.69888e-011	2.70063e-023	1.15951e-011	0.1
952	0.5	0.5	5.74966e-037	5.76768e-024	2.70171e-011	2.7063e-023	1.16073e-011	0.1
953	0.5	0.5	5.76779e-037	5.77979e-024	2.70454e-011	2.71198e-023	1.16195e-011	0.1
954	0.5	0.5	5.78597e-037	5.79192e-024	2.70738e-011	2.71767e-023	1.16317e-011	0.1
955	0.5	0.5	5.80418e-037	5.80406e-024	2.71021e-011	2.72336e-023	1.16439e-011	0.1
956	0.5	0.5	5.82244e-037	5.81622e-024	2.71305e-011	2.72906e-023	1.1656e-011	0.1
957	0.5	0.5	5.84073e-037	5.82839e-024	2.71588e-011	2.73476e-023	1.16682e-011	0.1
958	0.5	0.5	5.85906e-037	5.84057e-024	2.71872e-011	2.74047e-023	1.16804e-011	0.1
959	0.5	0.5	5.87742e-037	5.85276e-024	2.72155e-011	2.74618e-023	1.16926e-011	0.1
960	0.5	0.5	5.89583e-037	5.86497e-024	2.72439e-011	2.75191e-023	1.17048e-011	0.1
961	0.5	0.5	5.91427e-037	5.87719e-024	2.72722e-011	2.75763e-023	1.17169e-011	0.1
962	0.5	0.5	5.93275e-037	5.88942e-024	2.73006e-011	2.76337e-023	1.17291e-011	0.1
963	0.5	0.5	5.95127e-037	5.90166e-024	2.73289e-011	2.76911e-023	1.17413e-011	0.1
964	0.5	0.5	5.96983e-037	5.91392e-024	2.73573e-011	2.77485e-023	1.17535e-011	0.1
965	0.5	0.5	5.98843e-037	5.92619e-024	2.73856e-011	2.7806e-023	1.17657e-011	0.1
966	0.5	0.5	6.00707e-037	5.93847e-024	2.7414e-011	2.78636e-023	1.17778e-011	0.1
967	0.5	0.5	6.02574e-037	5.95076e-024	2.74423e-011	2.79212e-023	1.179e-011	0.1
968	0.5	0.5	6.04446e-037	5.96307e-024	2.74707e-011	2.79789e-023	1.18022e-011	0.1
969	0.5	0.5	6.06321e-037	5.97539e-024	2.7499e-011	2.80366e-023	1.18144e-011	0.1
970	0.5	0.5	6.082e-037	5.98773e-024	2.75274e-011	2.80945e-023	1.18266e-011	0.1
971	0.5	0.5	6.10083e-037	6.00007e-024	2.75557e-011	2.81523e-023	1.18387e-011	0.1
972	0.5	0.5	6.1197e-037	6.01243e-024	2.75841e-011	2.82102e-023	1.18509e-011	0.1
973	0.5	0.5	6.1386e-037	6.0248e-024	2.76124e-011	2.82682e-023	1.18631e-011	0.1
974	0.5	0.5	6.15755e-037	6.03719e-024	2.76408e-011	2.83263e-023	1.18753e-011	0.1
975	0.5	0.5	6.17654e-037	6.04958e-024	2.76691e-011	2.83844e-023	1.18875e-011	0.1
976	0.5	0.5	6.19556e-037	6.06199e-024	2.76975e-011	2.84426e-023	1.18996e-011	0.1
977	0.5	0.5	6.21462e-037	6.07441e-024	2.77258e-011	2.85008e-023	1.19118e-011	0.1
978	0.5	0.5	6.23373e-037	6.08685e-024	2.77542e-011	2.85591e-023	1.1924e-011	0.1
979	0.5	0.5	6.25287e-037	6.0993e-024	2.77825e-011	2.86174e-023	1.19362e-011	0.1
980	0.5	0.5	6.27205e-037	6.11176e-024	2.78109e-011	2.86758e-023	1.19484e-011	0.1
981	0.5	0.5	6.29127e-037	6.12423e-024	2.78392e-011	2.87343e-023	1.19605e-011	0.1
982	0.5	0.5	6.31053e-037	6.13671e-024	2.78676e-011	2.87928e-023	1.19727e-011	0.1
983	0.5	0.5	6.32982e-037	6.14921e-024	2.78959e-011	2.88514e-023	1.19849e-011	0.1
984	0.5	0.5	6.34916e-037	6.16172e-024	2.79243e-011	2.891e-023	1.19971e-011	0.1
985	0.5	0.5	6.36854e-037	6.17425e-024	2.79526e-011	2.89687e-023	1.20093e-011	0.1
986	0.5	0.5	6.38796e-037	6.18678e-024	2.7981e-011	2.90275e-023	1.20214e-011	0.1
987	0.5	0.5	6.40741e-037	6.19933e-024	2.80093e-011	2.90863e-023	1.20336e-011	0.1
988	0.5	0.5	6.42691e-037	6.2119e-024	2.80377e-011	2.91452e-023	1.20458e-011	0.1
989	0.5	0.5	6.44644e-037	6.22447e-024	2.8066e-011	2.92041e-023	1.2058e-011	0.1
990	0.5	0.5	6.46602e-037	6.23706e-024	2.80944e-011	2.92631e-023	1.20702e-011	0.1
991	0.5	0.5	6.48563e-037	6.24966e-024	2.81227e-011	2.93222e-023	1.20823e-011	0.1
992	0.5	0.5	6.50528e-037	6.26227e-024	2.81511e-011	2.93813e-023	1.20945e-011	0.1
993	0.5	0.5	6.52498e-037	6.2749e-024	2.81794e-011	2.94405e-023	1.21067e-011	0.1
994	0.5	0.5	6.54471e-037	6.28753e-024	2.82078e-011	2.94997e-023	1.21189e-011	0.1
995	0.5	0.5	6.56448e-037	6.30019e-024	2.82361e-011	2.9559e-023	1.21311e-011	0.1
996	0.5	0.5	6.58429e-037	6.31285e-024	2.82645e-011	2.96183e-023	1.21432e-011	0.1
997	0.5	0.5	6.60415e-037	6.32553e-024	2.82928e-011	2.96778e-023	1.21554e-011	0.1
998	0.5	0.5	6.62404e-037	6.33821e-024	2.83212e-011	2.97372e-023	1.21676e-011	0.1
999	0.5	0.5	6.64397e-037	6.35092e-024	2.83495e-011	2.97968e-023	1.21798e-011	0.1
