time	H2	O2	H2O	OH	H	HO2	O	N2
0	0.498583	0.489403	0	0	0.00282674	4.6199e-008	0.00119295	0.01
1	0.49717	0.488807	0	1.23706e-006	0.00564493	1.38342e-007	0.00238493	0.01
2	0.495761	0.48821	3.9796e-010	3.70299e-006	0.00845458	2.76175e-007	0.00357595	0.01
3	0.494355	0.487612	1.59964e-009	7.38961e-006	0.0112557	4.59445e-007	0.004766	0.01
4	0.492953	0.487015	4.01813e-009	1.22888e-005	0.0140484	6.87898e-007	0.00595507	0.01
5	0.491555	0.486418	8.07345e-009	1.83923e-005	0.0168325	9.61282e-007	0.00714318	0.01
6	0.49016	0.48582	1.41921e-008	2.56921e-005	0.0196082	1.27934e-006	0.0083303	0.01
7	0.488769	0.485222	2.28066e-008	3.41801e-005	0.0223754	1.64184e-006	0.00951645	0.01
8	0.487381	0.484624	3.43552e-008	4.38483e-005	0.0251343	2.0485e-006	0.0107016	0.01
9	0.485997	0.484026	4.92814e-008	5.46884e-005	0.0278847	2.4991e-006	0.0118858	0.01
10	0.484617	0.483428	6.80334e-008	6.66926e-005	0.0306267	2.99337e-006	0.013069	0.01
11	0.48324	0.482829	9.10643e-008	7.98529e-005	0.0333603	3.53107e-006	0.0142512	0.01
12	0.481867	0.482231	1.18831e-007	9.41612e-005	0.0360856	4.11195e-006	0.0154325	0.01
13	0.480497	0.481632	1.51794e-007	0.00010961	0.0388025	4.73576e-006	0.0166127	0.01
14	0.479131	0.481033	1.90418e-007	0.00012619	0.0415111	5.40225e-006	0.017792	0.01
15	0.477769	0.480435	2.35169e-007	0.000143895	0.0442114	6.11118e-006	0.0189702	0.01
16	0.47641	0.479836	2.86519e-007	0.000162716	0.0469034	6.86231e-006	0.0201475	0.01
17	0.475054	0.479237	3.44939e-007	0.000182646	0.0495872	7.65538e-006	0.0213237	0.01
18	0.473702	0.478637	4.10905e-007	0.000203676	0.0522627	8.49015e-006	0.022499	0.01
19	0.472354	0.478038	4.84891e-007	0.000225799	0.0549299	9.36638e-006	0.0236733	0.01
20	0.471009	0.477439	5.67378e-007	0.000249007	0.0575889	1.02838e-005	0.0248465	0.01
21	0.469668	0.476839	6.58842e-007	0.000273293	0.0602398	1.12422e-005	0.0260188	0.01
22	0.468331	0.47624	7.59766e-007	0.000298648	0.0628824	1.22414e-005	0.02719	0.01
23	0.466997	0.47564	8.70629e-007	0.000325065	0.0655169	1.3281e-005	0.0283603	0.01
24	0.465666	0.475041	9.91913e-007	0.000352536	0.0681432	1.43609e-005	0.0295295	0.01
25	0.464339	0.474441	1.1241e-006	0.000381054	0.0707614	1.54808e-005	0.0306977	0.01
26	0.463015	0.473841	1.26767e-006	0.00041061	0.0733715	1.66404e-005	0.0318649	0.01
27	0.461695	0.473241	1.4231e-006	0.000441198	0.0759735	1.78396e-005	0.0330311	0.01
28	0.460379	0.472641	1.59088e-006	0.00047281	0.0785674	1.90781e-005	0.0341963	0.01
29	0.459066	0.472041	1.77149e-006	0.000505438	0.0811533	2.03556e-005	0.0353604	0.01
30	0.457756	0.471441	1.96539e-006	0.000539075	0.0837311	2.16719e-005	0.0365235	0.01
31	0.45645	0.470841	2.17308e-006	0.000573713	0.0863009	2.30268e-005	0.0376856	0.01
32	0.455147	0.470241	2.39503e-006	0.000609345	0.0888626	2.44201e-005	0.0388467	0.01
33	0.453848	0.469641	2.6317e-006	0.000645963	0.0914164	2.58514e-005	0.0400068	0.01
34	0.452553	0.469041	2.88358e-006	0.000683561	0.0939622	2.73206e-005	0.0411658	0.01
35	0.45126	0.468441	3.15114e-006	0.000722129	0.0965001	2.88275e-005	0.0423238	0.01
36	0.449972	0.467841	3.43484e-006	0.000761663	0.09903	3.03717e-005	0.0434807	0.01
37	0.448686	0.467241	3.73514e-006	0.000802153	0.101552	3.19532e-005	0.0446367	0.01
38	0.447405	0.466641	4.05252e-006	0.000843593	0.104066	3.35715e-005	0.0457916	0.01
39	0.446126	0.46604	4.38744e-006	0.000885975	0.106572	3.52266e-005	0.0469454	0.01
40	0.444851	0.46544	4.74034e-006	0.000929293	0.109071	3.69182e-005	0.0480982	0.01
41	0.44358	0.46484	5.11169e-006	0.000973539	0.111561	3.8646e-005	0.04925	0.01
42	0.442312	0.46424	5.50194e-006	0.00101871	0.114044	4.04098e-005	0.0504007	0.01
43	0.441047	0.46364	5.91154e-006	0.00106479	0.116519	4.22094e-005	0.0515504	0.01
44	0.439786	0.46304	6.34093e-006	0.00111177	0.118986	4.40446e-005	0.0526991	0.01
45	0.438528	0.46244	6.79055e-006	0.00115966	0.121445	4.59151e-005	0.0538466	0.01
46	0.437274	0.46184	7.26085e-006	0.00120844	0.123896	4.78207e-005	0.0549932	0.01
47	0.436023	0.46124	7.75225e-006	0.00125811	0.12634	4.97612e-005	0.0561387	0.01
48	0.434775	0.46064	8.26518e-006	0.00130865	0.128776	5.17363e-005	0.0572831	0.01
49	0.433531	0.46004	8.80009e-006	0.00136007	0.131205	5.37459e-005	0.0584265	0.01
50	0.43229	0.45944	9.35737e-006	0.00141235	0.133625	5.57897e-005	0.0595689	0.01
51	0.431052	0.45884	9.93746e-006	0.00146548	0.136038	5.78674e-005	0.0607101	0.01
52	0.429818	0.458241	1.05408e-005	0.00151947	0.138443	5.9979e-005	0.0618504	0.01
53	0.428587	0.457641	1.11677e-005	0.00157431	0.140841	6.2124e-005	0.0629895	0.01
54	0.42736	0.457041	1.18187e-005	0.00162998	0.143231	6.43024e-005	0.0641276	0.01
55	0.426136	0.456442	1.2494e-005	0.00168648	0.145614	6.65139e-005	0.0652647	0.01
56	0.424915	0.455842	1.31943e-005	0.00174381	0.147988	6.87583e-005	0.0664007	0.01
57	0.423698	0.455243	1.39197e-005	0.00180195	0.150356	7.10353e-005	0.0675356	0.01
58	0.422484	0.454643	1.46707e-005	0.00186091	0.152715	7.33447e-005	0.0686694	0.01
59	0.421273	0.454044	1.54478e-005	0.00192067	0.155068	7.56864e-005	0.0698022	0.01
60	0.420066	0.453445	1.62511e-005	0.00198123	0.157412	7.80601e-005	0.0709339	0.01
61	0.418862	0.452846	1.70812e-005	0.00204257	0.159749	8.04656e-005	0.0720645	0.01
62	0.417661	0.452247	1.79384e-005	0.00210471	0.162079	8.29027e-005	0.0731941	0.01
63	0.416463	0.451648	1.88231e-005	0.00216762	0.164401	8.53711e-005	0.0743226	0.01
64	0.415269	0.451049	1.97356e-005	0.0022313	0.166716	8.78707e-005	0.07545	0.01
65	0.414078	0.450451	2.06762e-005	0.00229575	0.169023	9.04012e-005	0.0765763	0.01
66	0.412891	0.449852	2.16454e-005	0.00236095	0.171323	9.29624e-005	0.0777016	0.01
67	0.411707	0.449254	2.26434e-005	0.00242691	0.173616	9.55541e-005	0.0788258	0.01
68	0.410526	0.448655	2.36706e-005	0.00249361	0.175901	9.81761e-005	0.0799489	0.01
69	0.409348	0.448057	2.47272e-005	0.00256106	0.178179	0.000100828	0.0810709	0.01
70	0.408174	0.447459	2.58138e-005	0.00262924	0.180449	0.00010351	0.0821918	0.01
71	0.407002	0.446861	2.69305e-005	0.00269814	0.182712	0.000106222	0.0833117	0.01
72	0.405834	0.446263	2.80776e-005	0.00276777	0.184968	0.000108963	0.0844305	0.01
73	0.40467	0.445666	2.92555e-005	0.00283811	0.187217	0.000111733	0.0855481	0.01
74	0.403508	0.445068	3.04645e-005	0.00290916	0.189458	0.000114533	0.0866647	0.01
75	0.40235	0.444471	3.17049e-005	0.00298091	0.191692	0.000117361	0.0877802	0.01
76	0.401195	0.443874	3.29769e-005	0.00305336	0.193919	0.000120218	0.0888946	0.01
77	0.400043	0.443277	3.42809e-005	0.0031265	0.196138	0.000123103	0.090008	0.01
78	0.398895	0.44268	3.56171e-005	0.00320033	0.198351	0.000126017	0.0911202	0.01
79	0.39775	0.442083	3.69859e-005	0.00327483	0.200556	0.000128958	0.0922313	0.01
80	0.396607	0.441487	3.83873e-005	0.00335001	0.202754	0.000131928	0.0933414	0.01
81	0.395469	0.44089	3.98219e-005	0.00342585	0.204945	0.000134925	0.0944503	0.01
82	0.394333	0.440294	4.12897e-005	0.00350236	0.207128	0.000137949	0.0955581	0.01
83	0.3932	0.439698	4.2791e-005	0.00357951	0.209305	0.000141001	0.0966649	0.01
84	0.392071	0.439102	4.43262e-005	0.00365732	0.211474	0.000144079	0.0977705	0.01
85	0.390945	0.438506	4.58953e-005	0.00373578	0.213637	0.000147185	0.0988751	0.01
86	0.389822	0.437911	4.74988e-005	0.00381486	0.215792	0.000150317	0.0999785	0.01
87	0.388702	0.437316	4.91367e-005	0.00389459	0.21794	0.000153475	0.101081	0.01
88	0.387586	0.43672	5.08093e-005	0.00397493	0.220082	0.00015666	0.102182	0.01
89	0.386472	0.436126	5.25169e-005	0.0040559	0.222216	0.000159871	0.103282	0.01
90	0.385362	0.435531	5.42596e-005	0.00413749	0.224343	0.000163107	0.104381	0.01
91	0.384254	0.434936	5.60377e-005	0.00421968	0.226463	0.000166369	0.105479	0.01
92	0.38315	0.434342	5.78513e-005	0.00430248	0.228577	0.000169657	0.106576	0.01
93	0.38205	0.433748	5.97007e-005	0.00438587	0.230683	0.00017297	0.107672	0.01
94	0.380952	0.433154	6.1586e-005	0.00446986	0.232782	0.000176308	0.108766	0.01
95	0.379857	0.43256	6.35075e-005	0.00455444	0.234875	0.00017967	0.10986	0.01
96	0.378765	0.431967	6.54652e-005	0.00463959	0.236961	0.000183058	0.110952	0.01
97	0.377677	0.431374	6.74595e-005	0.00472533	0.239039	0.00018647	0.112043	0.01
98	0.376592	0.430781	6.94903e-005	0.00481163	0.241111	0.000189906	0.113133	0.01
99	0.375509	0.430188	7.1558e-005	0.00489851	0.243176	0.000193366	0.114222	0.01
100	0.37443	0.429596	7.36627e-005	0.00498594	0.245234	0.000196851	0.11531	0.01
101	0.373354	0.429003	7.58045e-005	0.00507392	0.247286	0.000200359	0.116397	0.01
102	0.372281	0.428411	7.79835e-005	0.00516246	0.249331	0.00020389	0.117483	0.01
103	0.371211	0.42782	8.02e-005	0.00525154	0.251368	0.000207445	0.118567	0.01
104	0.370144	0.427228	8.2454e-005	0.00534116	0.2534	0.000211023	0.119651	0.01
105	0.36908	0.426637	8.47457e-005	0.00543132	0.255424	0.000214624	0.120733	0.01
106	0.36802	0.426046	8.70751e-005	0.005522	0.257442	0.000218248	0.121814	0.01
107	0.366962	0.425455	8.94425e-005	0.00561321	0.259452	0.000221894	0.122894	0.01
108	0.365907	0.424864	9.1848e-005	0.00570494	0.261457	0.000225563	0.123973	0.01
109	0.364856	0.424274	9.42916e-005	0.00579718	0.263454	0.000229254	0.125051	0.01
110	0.363807	0.423684	9.67734e-005	0.00588994	0.265445	0.000232967	0.126127	0.01
111	0.362761	0.423094	9.92937e-005	0.00598319	0.26743	0.000236702	0.127203	0.01
112	0.361719	0.422505	0.000101852	0.00607695	0.269407	0.000240459	0.128277	0.01
113	0.360679	0.421916	0.00010445	0.00617119	0.271378	0.000244238	0.129351	0.01
114	0.359643	0.421327	0.000107085	0.00626593	0.273343	0.000248037	0.130423	0.01
115	0.358609	0.420738	0.00010976	0.00636116	0.275301	0.000251858	0.131494	0.01
116	0.357579	0.42015	0.000112473	0.00645686	0.277252	0.0002557	0.132564	0.01
117	0.356551	0.419562	0.000115225	0.00655303	0.279197	0.000259563	0.133632	0.01
118	0.355527	0.418974	0.000118017	0.00664968	0.281135	0.000263446	0.1347	0.01
119	0.354505	0.418387	0.000120847	0.00674679	0.283067	0.00026735	0.135766	0.01
120	0.353486	0.4178	0.000123716	0.00684437	0.284992	0.000271274	0.136832	0.01
121	0.352471	0.417213	0.000126624	0.00694239	0.286911	0.000275218	0.137896	0.01
122	0.351458	0.416626	0.000129571	0.00704087	0.288824	0.000279182	0.138959	0.01
123	0.350448	0.41604	0.000132558	0.0071398	0.29073	0.000283166	0.140021	0.01
124	0.349441	0.415454	0.000135584	0.00723917	0.292629	0.00028717	0.141082	0.01
125	0.348437	0.414868	0.000138649	0.00733897	0.294522	0.000291193	0.142141	0.01
126	0.347436	0.414283	0.000141753	0.00743921	0.296409	0.000295235	0.1432	0.01
127	0.346438	0.413698	0.000144897	0.00753988	0.29829	0.000299296	0.144257	0.01
128	0.345443	0.413113	0.00014808	0.00764097	0.300164	0.000303377	0.145313	0.01
129	0.344451	0.412529	0.000151302	0.00774248	0.302031	0.000307476	0.146368	0.01
130	0.343462	0.411945	0.000154564	0.0078444	0.303893	0.000311594	0.147422	0.01
131	0.342475	0.411361	0.000157865	0.00794673	0.305748	0.00031573	0.148475	0.01
132	0.341492	0.410778	0.000161205	0.00804947	0.307597	0.000319884	0.149527	0.01
133	0.340511	0.410195	0.000164585	0.00815262	0.309439	0.000324057	0.150577	0.01
134	0.339533	0.409612	0.000168004	0.00825616	0.311276	0.000328247	0.151627	0.01
135	0.338559	0.40903	0.000171463	0.00836009	0.313106	0.000332455	0.152675	0.01
136	0.337587	0.408448	0.000174961	0.00846441	0.31493	0.000336681	0.153722	0.01
137	0.336618	0.407866	0.000178498	0.00856912	0.316747	0.000340924	0.154768	0.01
138	0.335651	0.407285	0.000182075	0.0086742	0.318559	0.000345185	0.155813	0.01
139	0.334688	0.406704	0.000185691	0.00877967	0.320364	0.000349463	0.156856	0.01
140	0.333727	0.406123	0.000189346	0.0088855	0.322163	0.000353757	0.157899	0.01
141	0.33277	0.405543	0.00019304	0.0089917	0.323956	0.000358069	0.15894	0.01
142	0.331815	0.404963	0.000196774	0.00909827	0.325743	0.000362397	0.15998	0.01
143	0.330863	0.404383	0.000200547	0.00920519	0.327524	0.000366742	0.161019	0.01
144	0.329914	0.403804	0.000204358	0.00931247	0.329299	0.000371103	0.162057	0.01
145	0.328967	0.403225	0.000208209	0.0094201	0.331068	0.00037548	0.163094	0.01
146	0.328024	0.402647	0.000212099	0.00952808	0.33283	0.000379873	0.164129	0.01
147	0.327083	0.402069	0.000216028	0.00963641	0.334587	0.000384282	0.165164	0.01
148	0.326145	0.401491	0.000219996	0.00974507	0.336337	0.000388707	0.166197	0.01
149	0.32521	0.400914	0.000224003	0.00985407	0.338082	0.000393148	0.167229	0.01
150	0.324277	0.400337	0.000228048	0.0099634	0.339821	0.000397603	0.16826	0.01
151	0.323348	0.39976	0.000232132	0.0100731	0.341553	0.000402074	0.16929	0.01
152	0.322421	0.399184	0.000236255	0.010183	0.34328	0.000406561	0.170318	0.01
153	0.321497	0.398608	0.000240417	0.0102933	0.345001	0.000411062	0.171346	0.01
154	0.320575	0.398033	0.000244617	0.010404	0.346716	0.000415578	0.172372	0.01
155	0.319657	0.397457	0.000248855	0.0105149	0.348424	0.000420108	0.173397	0.01
156	0.318741	0.396883	0.000253132	0.0106261	0.350127	0.000424653	0.174421	0.01
157	0.317828	0.396309	0.000257447	0.0107377	0.351825	0.000429213	0.175444	0.01
158	0.316917	0.395735	0.0002618	0.0108495	0.353516	0.000433787	0.176466	0.01
159	0.31601	0.395161	0.000266191	0.0109617	0.355201	0.000438374	0.177486	0.01
160	0.315105	0.394588	0.000270621	0.0110741	0.356881	0.000442976	0.178506	0.01
161	0.314203	0.394015	0.000275088	0.0111868	0.358555	0.000447592	0.179524	0.01
162	0.313303	0.393443	0.000279593	0.0112998	0.360223	0.000452221	0.180541	0.01
163	0.312407	0.392871	0.000284135	0.0114131	0.361885	0.000456863	0.181557	0.01
164	0.311513	0.3923	0.000288716	0.0115267	0.363542	0.000461519	0.182572	0.01
165	0.310621	0.391729	0.000293333	0.0116405	0.365193	0.000466189	0.183585	0.01
166	0.309733	0.391158	0.000297988	0.0117547	0.366838	0.000470871	0.184598	0.01
167	0.308847	0.390588	0.000302681	0.0118691	0.368477	0.000475566	0.185609	0.01
168	0.307963	0.390018	0.00030741	0.0119837	0.370111	0.000480274	0.186619	0.01
169	0.307083	0.389449	0.000312177	0.0120986	0.371739	0.000484995	0.187628	0.01
170	0.306205	0.38888	0.00031698	0.0122138	0.373361	0.000489728	0.188635	0.01
171	0.305329	0.388311	0.00032182	0.0123292	0.374977	0.000494473	0.189642	0.01
172	0.304457	0.387743	0.000326697	0.0124449	0.376588	0.000499231	0.190647	0.01
173	0.303587	0.387175	0.000331611	0.0125609	0.378194	0.000504001	0.191652	0.01
174	0.302719	0.386608	0.000336561	0.012677	0.379794	0.000508782	0.192655	0.01
175	0.301855	0.386041	0.000341547	0.0127935	0.381388	0.000513576	0.193657	0.01
176	0.300993	0.385475	0.000346569	0.0129101	0.382977	0.000518381	0.194657	0.01
177	0.300133	0.384909	0.000351627	0.013027	0.38456	0.000523198	0.195657	0.01
178	0.299276	0.384343	0.000356721	0.0131441	0.386137	0.000528026	0.196655	0.01
179	0.298422	0.383778	0.000361851	0.0132615	0.387709	0.000532866	0.197653	0.01
180	0.29757	0.383213	0.000367016	0.0133791	0.389276	0.000537716	0.198649	0.01
181	0.296721	0.382649	0.000372217	0.0134968	0.390837	0.000542578	0.199644	0.01
182	0.295875	0.382085	0.000377453	0.0136149	0.392393	0.000547451	0.200637	0.01
183	0.295031	0.381522	0.000382724	0.0137331	0.393943	0.000552334	0.20163	0.01
184	0.29419	0.380959	0.00038803	0.0138515	0.395487	0.000557228	0.202621	0.01
185	0.293351	0.380397	0.000393372	0.0139702	0.397027	0.000562132	0.203612	0.01
186	0.292515	0.379835	0.000398747	0.0140891	0.39856	0.000567047	0.204601	0.01
187	0.291681	0.379273	0.000404158	0.0142081	0.400089	0.000571972	0.205588	0.01
188	0.29085	0.378712	0.000409602	0.0143274	0.401612	0.000576907	0.206575	0.01
189	0.290022	0.378152	0.000415081	0.0144469	0.40313	0.000581852	0.207561	0.01
190	0.289196	0.377592	0.000420594	0.0145665	0.404642	0.000586808	0.208545	0.01
191	0.288373	0.377032	0.000426141	0.0146864	0.406149	0.000591772	0.209528	0.01
192	0.287552	0.376473	0.000431721	0.0148064	0.407651	0.000596747	0.21051	0.01
193	0.286733	0.375914	0.000437335	0.0149266	0.409147	0.00060173	0.211491	0.01
194	0.285917	0.375356	0.000442983	0.015047	0.410638	0.000606724	0.212471	0.01
195	0.285104	0.374798	0.000448664	0.0151676	0.412124	0.000611726	0.21345	0.01
196	0.284293	0.374241	0.000454377	0.0152884	0.413605	0.000616738	0.214427	0.01
197	0.283485	0.373684	0.000460124	0.0154093	0.41508	0.000621758	0.215403	0.01
198	0.282679	0.373127	0.000465903	0.0155304	0.41655	0.000626788	0.216378	0.01
199	0.281876	0.372571	0.000471715	0.0156517	0.418015	0.000631826	0.217352	0.01
200	0.281075	0.372016	0.00047756	0.0157731	0.419475	0.000636873	0.218325	0.01
201	0.280277	0.371461	0.000483436	0.0158947	0.420929	0.000641928	0.219296	0.01
202	0.279481	0.370907	0.000489345	0.0160165	0.422379	0.000646992	0.220267	0.01
203	0.278688	0.370353	0.000495285	0.0161384	0.423823	0.000652064	0.221236	0.01
204	0.277897	0.369799	0.000501257	0.0162605	0.425262	0.000657144	0.222204	0.01
205	0.277108	0.369246	0.00050726	0.0163827	0.426696	0.000662232	0.22317	0.01
206	0.276322	0.368694	0.000513295	0.0165051	0.428125	0.000667329	0.224136	0.01
207	0.275539	0.368141	0.000519361	0.0166276	0.429549	0.000672433	0.225101	0.01
208	0.274757	0.36759	0.000525458	0.0167502	0.430967	0.000677544	0.226064	0.01
209	0.273979	0.367039	0.000531585	0.016873	0.432381	0.000682664	0.227026	0.01
210	0.273202	0.366488	0.000537743	0.016996	0.43379	0.00068779	0.227987	0.01
211	0.272428	0.365938	0.000543932	0.0171191	0.435193	0.000692924	0.228947	0.01
212	0.271657	0.365389	0.00055015	0.0172423	0.436592	0.000698066	0.229905	0.01
213	0.270888	0.36484	0.000556399	0.0173656	0.437985	0.000703214	0.230863	0.01
214	0.270121	0.364291	0.000562678	0.0174891	0.439374	0.00070837	0.231819	0.01
215	0.269357	0.363743	0.000568986	0.0176127	0.440757	0.000713532	0.232774	0.01
216	0.268595	0.363195	0.000575323	0.0177364	0.442136	0.000718701	0.233728	0.01
217	0.267836	0.362648	0.00058169	0.0178602	0.44351	0.000723877	0.234681	0.01
218	0.267079	0.362102	0.000588085	0.0179842	0.444878	0.00072906	0.235633	0.01
219	0.266324	0.361556	0.00059451	0.0181082	0.446242	0.000734249	0.236583	0.01
220	0.265571	0.36101	0.000600963	0.0182324	0.447601	0.000739444	0.237532	0.01
221	0.264821	0.360465	0.000607445	0.0183567	0.448955	0.000744646	0.23848	0.01
222	0.264074	0.359921	0.000613955	0.0184811	0.450304	0.000749854	0.239427	0.01
223	0.263328	0.359377	0.000620493	0.0186056	0.451649	0.000755067	0.240373	0.01
224	0.262585	0.358833	0.000627059	0.0187302	0.452988	0.000760287	0.241317	0.01
225	0.261845	0.35829	0.000633652	0.0188549	0.454323	0.000765513	0.242261	0.01
226	0.261106	0.357748	0.000640273	0.0189798	0.455653	0.000770744	0.243203	0.01
227	0.260371	0.357206	0.000646921	0.0191047	0.456978	0.000775981	0.244144	0.01
228	0.259637	0.356664	0.000653597	0.0192297	0.458298	0.000781224	0.245084	0.01
229	0.258906	0.356123	0.000660299	0.0193548	0.459614	0.000786472	0.246023	0.01
230	0.258176	0.355583	0.000667028	0.0194799	0.460925	0.000791725	0.24696	0.01
231	0.25745	0.355043	0.000673783	0.0196052	0.462231	0.000796983	0.247897	0.01
232	0.256725	0.354504	0.000680565	0.0197306	0.463532	0.000802247	0.248832	0.01
233	0.256003	0.353965	0.000687372	0.019856	0.464828	0.000807515	0.249766	0.01
234	0.255283	0.353427	0.000694206	0.0199815	0.46612	0.000812789	0.250699	0.01
235	0.254566	0.352889	0.000701065	0.0201071	0.467408	0.000818067	0.25163	0.01
236	0.25385	0.352352	0.00070795	0.0202328	0.46869	0.00082335	0.252561	0.01
237	0.253137	0.351815	0.00071486	0.0203585	0.469968	0.000828638	0.25349	0.01
238	0.252427	0.351279	0.000721795	0.0204844	0.471241	0.00083393	0.254418	0.01
239	0.251718	0.350743	0.000728755	0.0206102	0.47251	0.000839227	0.255345	0.01
240	0.251012	0.350208	0.000735739	0.0207362	0.473774	0.000844528	0.256271	0.01
241	0.250308	0.349673	0.000742748	0.0208622	0.475033	0.000849833	0.257196	0.01
242	0.249606	0.349139	0.000749782	0.0209883	0.476288	0.000855143	0.258119	0.01
243	0.248906	0.348606	0.000756839	0.0211145	0.477539	0.000860456	0.259042	0.01
244	0.248209	0.348073	0.00076392	0.0212407	0.478784	0.000865774	0.259963	0.01
245	0.247514	0.347541	0.000771025	0.0213669	0.480026	0.000871095	0.260883	0.01
246	0.246821	0.347009	0.000778153	0.0214932	0.481262	0.00087642	0.261801	0.01
247	0.24613	0.346477	0.000785305	0.0216196	0.482494	0.000881749	0.262719	0.01
248	0.245442	0.345947	0.000792479	0.021746	0.483722	0.000887081	0.263636	0.01
249	0.244755	0.345416	0.000799677	0.0218725	0.484945	0.000892417	0.264551	0.01
250	0.244071	0.344887	0.000806896	0.021999	0.486164	0.000897756	0.265465	0.01
251	0.243389	0.344357	0.000814139	0.0221256	0.487378	0.000903098	0.266378	0.01
252	0.24271	0.343829	0.000821403	0.0222522	0.488588	0.000908444	0.26729	0.01
253	0.242032	0.343301	0.00082869	0.0223789	0.489793	0.000913793	0.2682	0.01
254	0.241357	0.342773	0.000835999	0.0225055	0.490994	0.000919145	0.26911	0.01
255	0.240683	0.342246	0.000843329	0.0226323	0.492191	0.0009245	0.270018	0.01
256	0.240012	0.34172	0.00085068	0.022759	0.493383	0.000929857	0.270925	0.01
257	0.239343	0.341194	0.000858053	0.0228858	0.494571	0.000935218	0.271831	0.01
258	0.238677	0.340669	0.000865446	0.0230127	0.495754	0.000940581	0.272736	0.01
259	0.238012	0.340144	0.000872861	0.0231395	0.496933	0.000945947	0.27364	0.01
260	0.23735	0.33962	0.000880296	0.0232664	0.498108	0.000951315	0.274542	0.01
261	0.236689	0.339096	0.000887751	0.0233933	0.499279	0.000956686	0.275443	0.01
262	0.236031	0.338573	0.000895227	0.0235203	0.500445	0.000962059	0.276344	0.01
263	0.235375	0.338051	0.000902722	0.0236472	0.501607	0.000967434	0.277243	0.01
264	0.234721	0.337529	0.000910238	0.0237742	0.502764	0.000972812	0.27814	0.01
265	0.234069	0.337007	0.000917773	0.0239012	0.503917	0.000978192	0.279037	0.01
266	0.233419	0.336487	0.000925327	0.0240282	0.505067	0.000983573	0.279932	0.01
267	0.232771	0.335966	0.000932901	0.0241553	0.506211	0.000988957	0.280827	0.01
268	0.232126	0.335447	0.000940493	0.0242823	0.507352	0.000994343	0.28172	0.01
269	0.231482	0.334927	0.000948104	0.0244094	0.508488	0.00099973	0.282612	0.01
270	0.230841	0.334409	0.000955734	0.0245365	0.50962	0.00100512	0.283503	0.01
271	0.230201	0.333891	0.000963382	0.0246635	0.510748	0.00101051	0.284392	0.01
272	0.229564	0.333373	0.000971049	0.0247906	0.511872	0.0010159	0.285281	0.01
273	0.228929	0.332856	0.000978733	0.0249177	0.512992	0.00102129	0.286168	0.01
274	0.228296	0.33234	0.000986435	0.0250448	0.514107	0.00102669	0.287054	0.01
275	0.227665	0.331824	0.000994155	0.0251719	0.515219	0.00103209	0.287939	0.01
276	0.227036	0.331309	0.00100189	0.025299	0.516326	0.00103748	0.288823	0.01
277	0.226408	0.330795	0.00100965	0.0254261	0.517429	0.00104288	0.289706	0.01
278	0.225783	0.330281	0.00101742	0.0255532	0.518528	0.00104828	0.290588	0.01
279	0.22516	0.329767	0.00102521	0.0256803	0.519623	0.00105368	0.291468	0.01
280	0.22454	0.329254	0.00103301	0.0258074	0.520714	0.00105908	0.292347	0.01
281	0.223921	0.328742	0.00104083	0.0259345	0.521801	0.00106449	0.293225	0.01
282	0.223304	0.32823	0.00104867	0.0260616	0.522884	0.00106989	0.294102	0.01
283	0.222689	0.327719	0.00105652	0.0261887	0.523962	0.00107529	0.294978	0.01
284	0.222076	0.327208	0.00106439	0.0263157	0.525037	0.0010807	0.295853	0.01
285	0.221465	0.326698	0.00107228	0.0264428	0.526108	0.0010861	0.296726	0.01
286	0.220856	0.326189	0.00108018	0.0265698	0.527175	0.00109151	0.297598	0.01
287	0.220249	0.32568	0.00108809	0.0266968	0.528237	0.00109691	0.298469	0.01
288	0.219644	0.325172	0.00109602	0.0268238	0.529296	0.00110232	0.299339	0.01
289	0.219041	0.324664	0.00110397	0.0269508	0.530351	0.00110773	0.300208	0.01
290	0.21844	0.324157	0.00111193	0.0270777	0.531402	0.00111313	0.301076	0.01
291	0.217841	0.32365	0.0011199	0.0272047	0.532449	0.00111854	0.301942	0.01
292	0.217244	0.323145	0.00112789	0.0273316	0.533492	0.00112395	0.302808	0.01
293	0.216649	0.322639	0.00113589	0.0274585	0.534531	0.00112935	0.303672	0.01
294	0.216056	0.322134	0.00114391	0.0275853	0.535566	0.00113476	0.304535	0.01
295	0.215465	0.32163	0.00115194	0.0277122	0.536598	0.00114017	0.305397	0.01
296	0.214875	0.321126	0.00115998	0.027839	0.537625	0.00114557	0.306258	0.01
297	0.214288	0.320623	0.00116804	0.0279657	0.538649	0.00115098	0.307117	0.01
298	0.213702	0.320121	0.00117611	0.0280925	0.539669	0.00115638	0.307976	0.01
299	0.213119	0.319619	0.00118419	0.0282192	0.540685	0.00116179	0.308833	0.01
300	0.212537	0.319118	0.00119229	0.0283459	0.541697	0.00116719	0.309689	0.01
301	0.211958	0.318617	0.0012004	0.0284725	0.542705	0.0011726	0.310544	0.01
302	0.21138	0.318117	0.00120852	0.0285991	0.54371	0.001178	0.311398	0.01
303	0.210804	0.317617	0.00121665	0.0287257	0.544711	0.0011834	0.312251	0.01
304	0.21023	0.317118	0.0012248	0.0288522	0.545708	0.00118881	0.313102	0.01
305	0.209658	0.31662	0.00123295	0.0289787	0.546701	0.00119421	0.313953	0.01
306	0.209088	0.316122	0.00124112	0.0291051	0.547691	0.00119961	0.314802	0.01
307	0.208519	0.315625	0.0012493	0.0292315	0.548677	0.00120501	0.31565	0.01
308	0.207953	0.315129	0.00125749	0.0293579	0.549659	0.00121041	0.316497	0.01
309	0.207388	0.314633	0.00126569	0.0294842	0.550637	0.0012158	0.317343	0.01
310	0.206826	0.314137	0.00127391	0.0296105	0.551612	0.0012212	0.318188	0.01
311	0.206265	0.313642	0.00128213	0.0297367	0.552583	0.00122659	0.319031	0.01
312	0.205706	0.313148	0.00129037	0.0298628	0.55355	0.00123199	0.319874	0.01
313	0.205149	0.312655	0.00129861	0.0299889	0.554514	0.00123738	0.320715	0.01
314	0.204593	0.312162	0.00130687	0.030115	0.555474	0.00124277	0.321555	0.01
315	0.20404	0.311669	0.00131513	0.030241	0.55643	0.00124816	0.322394	0.01
316	0.203488	0.311177	0.00132341	0.030367	0.557383	0.00125355	0.323232	0.01
317	0.202938	0.310686	0.00133169	0.0304929	0.558332	0.00125893	0.324069	0.01
318	0.20239	0.310195	0.00133999	0.0306187	0.559278	0.00126432	0.324904	0.01
319	0.201844	0.309705	0.00134829	0.0307445	0.56022	0.0012697	0.325739	0.01
320	0.2013	0.309216	0.0013566	0.0308702	0.561158	0.00127508	0.326572	0.01
321	0.200757	0.308727	0.00136492	0.0309959	0.562093	0.00128046	0.327404	0.01
322	0.200217	0.308239	0.00137325	0.0311215	0.563025	0.00128584	0.328235	0.01
323	0.199678	0.307751	0.00138159	0.031247	0.563952	0.00129121	0.329065	0.01
324	0.19914	0.307264	0.00138994	0.0313725	0.564877	0.00129659	0.329894	0.01
325	0.198605	0.306777	0.0013983	0.0314979	0.565797	0.00130196	0.330721	0.01
326	0.198071	0.306291	0.00140666	0.0316232	0.566715	0.00130733	0.331548	0.01
327	0.19754	0.305806	0.00141503	0.0317485	0.567628	0.0013127	0.332373	0.01
328	0.19701	0.305322	0.00142341	0.0318737	0.568539	0.00131806	0.333197	0.01
329	0.196481	0.304837	0.0014318	0.0319989	0.569446	0.00132342	0.33402	0.01
330	0.195955	0.304354	0.0014402	0.032124	0.570349	0.00132878	0.334842	0.01
331	0.19543	0.303871	0.0014486	0.032249	0.571249	0.00133414	0.335663	0.01
332	0.194907	0.303389	0.00145701	0.0323739	0.572145	0.0013395	0.336483	0.01
333	0.194386	0.302907	0.00146542	0.0324988	0.573038	0.00134485	0.337301	0.01
334	0.193866	0.302426	0.00147385	0.0326235	0.573928	0.0013502	0.338119	0.01
335	0.193348	0.301945	0.00148228	0.0327482	0.574814	0.00135555	0.338935	0.01
336	0.192832	0.301466	0.00149071	0.0328729	0.575697	0.0013609	0.33975	0.01
337	0.192318	0.300986	0.00149916	0.0329974	0.576576	0.00136624	0.340564	0.01
338	0.191805	0.300508	0.00150761	0.0331219	0.577453	0.00137158	0.341377	0.01
339	0.191295	0.30003	0.00151606	0.0332463	0.578325	0.00137692	0.342189	0.01
340	0.190785	0.299552	0.00152452	0.0333706	0.579195	0.00138225	0.343	0.01
341	0.190278	0.299075	0.00153299	0.0334949	0.580061	0.00138758	0.343809	0.01
342	0.189772	0.298599	0.00154146	0.033619	0.580923	0.00139291	0.344618	0.01
343	0.189268	0.298123	0.00154994	0.0337431	0.581783	0.00139824	0.345425	0.01
344	0.188766	0.297648	0.00155842	0.0338671	0.582639	0.00140356	0.346231	0.01
345	0.188265	0.297174	0.00156691	0.033991	0.583492	0.00140888	0.347036	0.01
346	0.187766	0.2967	0.0015754	0.0341148	0.584341	0.0014142	0.34784	0.01
347	0.187269	0.296227	0.0015839	0.0342386	0.585188	0.00141951	0.348643	0.01
348	0.186773	0.295754	0.0015924	0.0343622	0.586031	0.00142482	0.349445	0.01
349	0.186279	0.295282	0.00160091	0.0344858	0.586871	0.00143013	0.350245	0.01
350	0.185787	0.29481	0.00160942	0.0346092	0.587707	0.00143543	0.351045	0.01
351	0.185296	0.29434	0.00161793	0.0347326	0.588541	0.00144073	0.351843	0.01
352	0.184807	0.293869	0.00162645	0.0348559	0.589371	0.00144603	0.35264	0.01
353	0.18432	0.2934	0.00163497	0.0349791	0.590198	0.00145132	0.353436	0.01
354	0.183834	0.292931	0.0016435	0.0351022	0.591021	0.00145661	0.354231	0.01
355	0.18335	0.292462	0.00165203	0.0352252	0.591842	0.0014619	0.355025	0.01
356	0.182867	0.291995	0.00166056	0.0353481	0.592659	0.00146718	0.355818	0.01
357	0.182386	0.291527	0.0016691	0.035471	0.593474	0.00147246	0.35661	0.01
358	0.181907	0.291061	0.00167764	0.0355937	0.594285	0.00147774	0.3574	0.01
359	0.18143	0.290595	0.00168618	0.0357163	0.595093	0.00148301	0.358189	0.01
360	0.180954	0.290129	0.00169473	0.0358389	0.595897	0.00148827	0.358978	0.01
361	0.180479	0.289665	0.00170328	0.0359613	0.596699	0.00149354	0.359765	0.01
362	0.180007	0.2892	0.00171183	0.0360836	0.597498	0.0014988	0.360551	0.01
363	0.179535	0.288737	0.00172038	0.0362059	0.598293	0.00150406	0.361336	0.01
364	0.179066	0.288274	0.00172894	0.036328	0.599086	0.00150931	0.36212	0.01
365	0.178598	0.287812	0.0017375	0.0364501	0.599875	0.00151456	0.362903	0.01
366	0.178131	0.28735	0.00174606	0.036572	0.600661	0.0015198	0.363684	0.01
367	0.177667	0.286889	0.00175462	0.0366938	0.601445	0.00152504	0.364465	0.01
368	0.177203	0.286428	0.00176318	0.0368156	0.602225	0.00153028	0.365244	0.01
369	0.176742	0.285968	0.00177175	0.0369372	0.603002	0.00153551	0.366023	0.01
370	0.176282	0.285509	0.00178031	0.0370587	0.603776	0.00154074	0.3668	0.01
371	0.175823	0.28505	0.00178888	0.0371801	0.604547	0.00154596	0.367576	0.01
372	0.175366	0.284592	0.00179745	0.0373014	0.605315	0.00155118	0.368351	0.01
373	0.174911	0.284135	0.00180602	0.0374226	0.606081	0.0015564	0.369125	0.01
374	0.174457	0.283678	0.00181459	0.0375437	0.606843	0.00156161	0.369898	0.01
375	0.174004	0.283221	0.00182316	0.0376647	0.607602	0.00156681	0.37067	0.01
376	0.173554	0.282766	0.00183174	0.0377856	0.608358	0.00157201	0.371441	0.01
377	0.173104	0.282311	0.00184031	0.0379063	0.609112	0.00157721	0.37221	0.01
378	0.172657	0.281856	0.00184888	0.038027	0.609862	0.00158241	0.372979	0.01
379	0.17221	0.281402	0.00185746	0.0381475	0.610609	0.00158759	0.373746	0.01
380	0.171766	0.280949	0.00186603	0.038268	0.611354	0.00159278	0.374512	0.01
381	0.171323	0.280496	0.0018746	0.0383883	0.612095	0.00159796	0.375277	0.01
382	0.170881	0.280044	0.00188318	0.0385085	0.612834	0.00160313	0.376042	0.01
383	0.170441	0.279593	0.00189175	0.0386286	0.61357	0.0016083	0.376805	0.01
384	0.170002	0.279142	0.00190033	0.0387485	0.614303	0.00161347	0.377566	0.01
385	0.169565	0.278692	0.0019089	0.0388684	0.615033	0.00161863	0.378327	0.01
386	0.169129	0.278242	0.00191747	0.0389882	0.61576	0.00162378	0.379087	0.01
387	0.168695	0.277793	0.00192604	0.0391078	0.616485	0.00162893	0.379846	0.01
388	0.168263	0.277345	0.00193462	0.0392273	0.617206	0.00163408	0.380603	0.01
389	0.167831	0.276897	0.00194319	0.0393467	0.617925	0.00163922	0.38136	0.01
390	0.167402	0.27645	0.00195175	0.039466	0.618641	0.00164436	0.382115	0.01
391	0.166973	0.276004	0.00196032	0.0395851	0.619354	0.00164949	0.382869	0.01
392	0.166547	0.275558	0.00196889	0.0397042	0.620064	0.00165462	0.383623	0.01
393	0.166121	0.275112	0.00197745	0.0398231	0.620772	0.00165974	0.384375	0.01
394	0.165697	0.274668	0.00198602	0.0399419	0.621476	0.00166485	0.385126	0.01
395	0.165275	0.274223	0.00199458	0.0400606	0.622178	0.00166997	0.385876	0.01
396	0.164854	0.27378	0.00200314	0.0401791	0.622877	0.00167507	0.386625	0.01
397	0.164435	0.273337	0.0020117	0.0402975	0.623574	0.00168017	0.387372	0.01
398	0.164016	0.272895	0.00202025	0.0404159	0.624267	0.00168527	0.388119	0.01
399	0.1636	0.272453	0.00202881	0.040534	0.624958	0.00169036	0.388865	0.01
400	0.163185	0.272012	0.00203736	0.0406521	0.625647	0.00169544	0.389609	0.01
401	0.162771	0.271571	0.00204591	0.0407701	0.626332	0.00170052	0.390353	0.01
402	0.162358	0.271131	0.00205446	0.0408879	0.627015	0.0017056	0.391095	0.01
403	0.161948	0.270692	0.002063	0.0410056	0.627695	0.00171067	0.391837	0.01
404	0.161538	0.270254	0.00207155	0.0411231	0.628372	0.00171573	0.392577	0.01
405	0.16113	0.269815	0.00208009	0.0412406	0.629047	0.00172079	0.393316	0.01
406	0.160723	0.269378	0.00208862	0.0413579	0.629719	0.00172584	0.394054	0.01
407	0.160318	0.268941	0.00209716	0.041475	0.630389	0.00173089	0.394791	0.01
408	0.159914	0.268505	0.00210569	0.0415921	0.631056	0.00173593	0.395527	0.01
409	0.159511	0.268069	0.00211421	0.041709	0.63172	0.00174097	0.396262	0.01
410	0.15911	0.267634	0.00212274	0.0418258	0.632381	0.001746	0.396996	0.01
411	0.158711	0.2672	0.00213126	0.0419425	0.63304	0.00175103	0.397729	0.01
412	0.158312	0.266766	0.00213978	0.042059	0.633696	0.00175605	0.398461	0.01
413	0.157915	0.266333	0.00214829	0.0421754	0.63435	0.00176106	0.399191	0.01
414	0.15752	0.2659	0.0021568	0.0422917	0.635001	0.00176607	0.399921	0.01
415	0.157125	0.265468	0.00216531	0.0424079	0.63565	0.00177107	0.400649	0.01
416	0.156732	0.265037	0.00217381	0.0425239	0.636296	0.00177607	0.401377	0.01
417	0.156341	0.264606	0.00218231	0.0426397	0.636939	0.00178106	0.402103	0.01
418	0.155951	0.264176	0.0021908	0.0427555	0.63758	0.00178605	0.402829	0.01
419	0.155562	0.263746	0.00219929	0.0428711	0.638218	0.00179103	0.403553	0.01
420	0.155174	0.263317	0.00220778	0.0429866	0.638854	0.001796	0.404276	0.01
421	0.154788	0.262889	0.00221626	0.0431019	0.639487	0.00180097	0.404998	0.01
422	0.154403	0.262461	0.00222474	0.0432172	0.640118	0.00180593	0.405719	0.01
423	0.15402	0.262034	0.00223321	0.0433322	0.640746	0.00181089	0.40644	0.01
424	0.153638	0.261607	0.00224168	0.0434472	0.641372	0.00181584	0.407159	0.01
425	0.153257	0.261181	0.00225014	0.043562	0.641995	0.00182078	0.407876	0.01
426	0.152877	0.260756	0.0022586	0.0436767	0.642616	0.00182572	0.408593	0.01
427	0.152499	0.260331	0.00226706	0.0437912	0.643234	0.00183066	0.409309	0.01
428	0.152122	0.259907	0.00227551	0.0439056	0.64385	0.00183558	0.410024	0.01
429	0.151747	0.259484	0.00228395	0.0440198	0.644463	0.0018405	0.410738	0.01
430	0.151373	0.259061	0.00229239	0.044134	0.645074	0.00184542	0.41145	0.01
431	0.151	0.258638	0.00230082	0.044248	0.645682	0.00185033	0.412162	0.01
432	0.150628	0.258217	0.00230925	0.0443618	0.646288	0.00185523	0.412873	0.01
433	0.150258	0.257795	0.00231767	0.0444755	0.646892	0.00186012	0.413582	0.01
434	0.149888	0.257375	0.00232609	0.0445891	0.647493	0.00186501	0.414291	0.01
435	0.149521	0.256955	0.0023345	0.0447025	0.648092	0.0018699	0.414998	0.01
436	0.149154	0.256536	0.00234291	0.0448158	0.648688	0.00187478	0.415705	0.01
437	0.148789	0.256117	0.00235131	0.044929	0.649282	0.00187965	0.41641	0.01
438	0.148425	0.255699	0.0023597	0.045042	0.649873	0.00188451	0.417114	0.01
439	0.148062	0.255281	0.00236809	0.0451548	0.650463	0.00188937	0.417818	0.01
440	0.147701	0.254864	0.00237647	0.0452676	0.65105	0.00189422	0.41852	0.01
441	0.147341	0.254448	0.00238485	0.0453801	0.651634	0.00189907	0.419221	0.01
442	0.146982	0.254032	0.00239322	0.0454926	0.652216	0.00190391	0.419921	0.01
443	0.146624	0.253617	0.00240158	0.0456049	0.652796	0.00190874	0.420621	0.01
444	0.146268	0.253203	0.00240994	0.0457171	0.653374	0.00191357	0.421319	0.01
445	0.145912	0.252789	0.00241829	0.0458291	0.653949	0.00191839	0.422016	0.01
446	0.145558	0.252375	0.00242663	0.0459409	0.654522	0.00192321	0.422712	0.01
447	0.145206	0.251963	0.00243497	0.0460527	0.655092	0.00192802	0.423407	0.01
448	0.144854	0.25155	0.0024433	0.0461643	0.65566	0.00193282	0.424101	0.01
449	0.144504	0.251139	0.00245162	0.0462757	0.656226	0.00193761	0.424794	0.01
450	0.144155	0.250728	0.00245994	0.046387	0.65679	0.0019424	0.425486	0.01
451	0.143807	0.250318	0.00246825	0.0464982	0.657351	0.00194718	0.426177	0.01
452	0.143461	0.249908	0.00247656	0.0466092	0.657911	0.00195196	0.426866	0.01
453	0.143115	0.249499	0.00248485	0.04672	0.658467	0.00195673	0.427555	0.01
454	0.142771	0.24909	0.00249314	0.0468307	0.659022	0.00196149	0.428243	0.01
455	0.142428	0.248682	0.00250143	0.0469413	0.659575	0.00196625	0.42893	0.01
456	0.142086	0.248275	0.0025097	0.0470517	0.660125	0.001971	0.429616	0.01
457	0.141746	0.247868	0.00251797	0.047162	0.660673	0.00197574	0.4303	0.01
458	0.141406	0.247462	0.00252623	0.0472722	0.661218	0.00198047	0.430984	0.01
459	0.141068	0.247056	0.00253448	0.0473821	0.661762	0.0019852	0.431667	0.01
460	0.140731	0.246651	0.00254273	0.047492	0.662303	0.00198993	0.432349	0.01
461	0.140395	0.246247	0.00255096	0.0476017	0.662843	0.00199464	0.433029	0.01
462	0.140061	0.245843	0.0025592	0.0477112	0.663379	0.00199935	0.433709	0.01
463	0.139727	0.24544	0.00256742	0.0478206	0.663914	0.00200406	0.434387	0.01
464	0.139395	0.245037	0.00257563	0.0479299	0.664447	0.00200875	0.435065	0.01
465	0.139064	0.244635	0.00258384	0.048039	0.664977	0.00201344	0.435742	0.01
466	0.138734	0.244234	0.00259204	0.0481479	0.665506	0.00201812	0.436417	0.01
467	0.138405	0.243833	0.00260023	0.0482567	0.666032	0.0020228	0.437092	0.01
468	0.138078	0.243432	0.00260841	0.0483654	0.666556	0.00202747	0.437765	0.01
469	0.137751	0.243033	0.00261659	0.0484739	0.667078	0.00203213	0.438438	0.01
470	0.137426	0.242634	0.00262475	0.0485822	0.667598	0.00203678	0.43911	0.01
471	0.137102	0.242235	0.00263291	0.0486905	0.668115	0.00204143	0.43978	0.01
472	0.136779	0.241837	0.00264106	0.0487985	0.668631	0.00204607	0.44045	0.01
473	0.136457	0.24144	0.0026492	0.0489064	0.669144	0.00205071	0.441118	0.01
474	0.136136	0.241043	0.00265734	0.0490142	0.669656	0.00205534	0.441786	0.01
475	0.135816	0.240647	0.00266546	0.0491218	0.670165	0.00205996	0.442452	0.01
476	0.135498	0.240252	0.00267358	0.0492292	0.670672	0.00206457	0.443118	0.01
477	0.13518	0.239857	0.00268169	0.0493365	0.671178	0.00206918	0.443782	0.01
478	0.134864	0.239462	0.00268978	0.0494437	0.671681	0.00207378	0.444446	0.01
479	0.134549	0.239068	0.00269787	0.0495507	0.672182	0.00207837	0.445108	0.01
480	0.134235	0.238675	0.00270596	0.0496575	0.672681	0.00208296	0.44577	0.01
481	0.133922	0.238283	0.00271403	0.0497642	0.673178	0.00208754	0.44643	0.01
482	0.13361	0.237891	0.00272209	0.0498708	0.673673	0.00209211	0.44709	0.01
483	0.133299	0.237499	0.00273015	0.0499772	0.674166	0.00209667	0.447748	0.01
484	0.13299	0.237108	0.00273819	0.0500834	0.674657	0.00210123	0.448406	0.01
485	0.132681	0.236718	0.00274623	0.0501895	0.675146	0.00210578	0.449062	0.01
486	0.132374	0.236328	0.00275426	0.0502955	0.675633	0.00211033	0.449718	0.01
487	0.132067	0.235939	0.00276228	0.0504012	0.676118	0.00211486	0.450373	0.01
488	0.131762	0.235551	0.00277029	0.0505069	0.676601	0.00211939	0.451026	0.01
489	0.131458	0.235163	0.00277829	0.0506124	0.677082	0.00212391	0.451679	0.01
490	0.131155	0.234775	0.00278628	0.0507177	0.677561	0.00212843	0.45233	0.01
491	0.130853	0.234389	0.00279426	0.0508229	0.678038	0.00213294	0.452981	0.01
492	0.130552	0.234003	0.00280223	0.0509279	0.678513	0.00213744	0.453631	0.01
493	0.130252	0.233617	0.00281019	0.0510327	0.678986	0.00214193	0.454279	0.01
494	0.129953	0.233232	0.00281815	0.0511375	0.679457	0.00214642	0.454927	0.01
495	0.129655	0.232847	0.00282609	0.051242	0.679926	0.0021509	0.455574	0.01
496	0.129358	0.232464	0.00283402	0.0513464	0.680394	0.00215537	0.456219	0.01
497	0.129063	0.23208	0.00284195	0.0514507	0.680859	0.00215984	0.456864	0.01
498	0.128768	0.231698	0.00284986	0.0515548	0.681323	0.0021643	0.457508	0.01
499	0.128474	0.231315	0.00285777	0.0516587	0.681784	0.00216875	0.45815	0.01
500	0.128182	0.230934	0.00286566	0.0517625	0.682244	0.00217319	0.458792	0.01
501	0.12789	0.230553	0.00287355	0.0518661	0.682702	0.00217763	0.459433	0.01
502	0.1276	0.230173	0.00288142	0.0519696	0.683158	0.00218206	0.460073	0.01
503	0.12731	0.229793	0.00288929	0.0520729	0.683612	0.00218648	0.460712	0.01
504	0.127022	0.229413	0.00289714	0.0521761	0.684064	0.0021909	0.46135	0.01
505	0.126735	0.229035	0.00290499	0.0522791	0.684514	0.0021953	0.461986	0.01
506	0.126448	0.228657	0.00291282	0.052382	0.684963	0.0021997	0.462622	0.01
507	0.126163	0.228279	0.00292065	0.0524847	0.68541	0.0022041	0.463257	0.01
508	0.125879	0.227902	0.00292846	0.0525872	0.685854	0.00220848	0.463891	0.01
509	0.125595	0.227526	0.00293627	0.0526896	0.686297	0.00221286	0.464524	0.01
510	0.125313	0.22715	0.00294406	0.0527919	0.686738	0.00221723	0.465156	0.01
511	0.125032	0.226775	0.00295185	0.052894	0.687178	0.0022216	0.465788	0.01
512	0.124751	0.2264	0.00295962	0.0529959	0.687615	0.00222595	0.466418	0.01
513	0.124472	0.226026	0.00296739	0.0530977	0.688051	0.0022303	0.467047	0.01
514	0.124194	0.225653	0.00297514	0.0531993	0.688485	0.00223464	0.467675	0.01
515	0.123916	0.22528	0.00298288	0.0533007	0.688917	0.00223898	0.468302	0.01
516	0.12364	0.224907	0.00299061	0.053402	0.689347	0.00224331	0.468929	0.01
517	0.123365	0.224536	0.00299834	0.0535032	0.689776	0.00224763	0.469554	0.01
518	0.12309	0.224164	0.00300605	0.0536042	0.690203	0.00225194	0.470178	0.01
519	0.122817	0.223794	0.00301375	0.053705	0.690627	0.00225624	0.470802	0.01
520	0.122544	0.223424	0.00302144	0.0538057	0.691051	0.00226054	0.471424	0.01
521	0.122273	0.223054	0.00302912	0.0539062	0.691472	0.00226483	0.472046	0.01
522	0.122002	0.222685	0.00303679	0.0540066	0.691892	0.00226912	0.472666	0.01
523	0.121733	0.222317	0.00304445	0.0541068	0.69231	0.00227339	0.473286	0.01
524	0.121464	0.221949	0.00305209	0.0542068	0.692726	0.00227766	0.473904	0.01
525	0.121197	0.221582	0.00305973	0.0543067	0.693141	0.00228192	0.474522	0.01
526	0.12093	0.221215	0.00306736	0.0544065	0.693553	0.00228617	0.475139	0.01
527	0.120665	0.220849	0.00307497	0.0545061	0.693965	0.00229042	0.475755	0.01
528	0.1204	0.220483	0.00308258	0.0546055	0.694374	0.00229466	0.47637	0.01
529	0.120136	0.220118	0.00309017	0.0547048	0.694782	0.00229889	0.476983	0.01
530	0.119873	0.219754	0.00309775	0.0548039	0.695188	0.00230311	0.477596	0.01
531	0.119611	0.21939	0.00310532	0.0549028	0.695592	0.00230733	0.478208	0.01
532	0.11935	0.219027	0.00311288	0.0550016	0.695994	0.00231154	0.47882	0.01
533	0.11909	0.218664	0.00312043	0.0551003	0.696395	0.00231574	0.47943	0.01
534	0.118831	0.218302	0.00312797	0.0551987	0.696795	0.00231993	0.480039	0.01
535	0.118573	0.21794	0.0031355	0.0552971	0.697192	0.00232412	0.480647	0.01
536	0.118316	0.217579	0.00314301	0.0553952	0.697588	0.0023283	0.481254	0.01
537	0.118059	0.217219	0.00315052	0.0554933	0.697982	0.00233247	0.481861	0.01
538	0.117804	0.216859	0.00315801	0.0555911	0.698375	0.00233663	0.482466	0.01
539	0.117549	0.216499	0.00316549	0.0556888	0.698766	0.00234079	0.483071	0.01
540	0.117296	0.216141	0.00317296	0.0557864	0.699155	0.00234494	0.483674	0.01
541	0.117043	0.215782	0.00318042	0.0558837	0.699543	0.00234908	0.484277	0.01
542	0.116791	0.215425	0.00318787	0.055981	0.699929	0.00235321	0.484879	0.01
543	0.116541	0.215068	0.00319531	0.056078	0.700314	0.00235734	0.48548	0.01
544	0.116291	0.214711	0.00320274	0.056175	0.700697	0.00236146	0.486079	0.01
545	0.116042	0.214355	0.00321015	0.0562717	0.701078	0.00236557	0.486678	0.01
546	0.115793	0.214	0.00321755	0.0563683	0.701458	0.00236967	0.487276	0.01
547	0.115546	0.213645	0.00322494	0.0564648	0.701836	0.00237377	0.487873	0.01
548	0.1153	0.21329	0.00323232	0.056561	0.702212	0.00237786	0.48847	0.01
549	0.115054	0.212936	0.00323969	0.0566572	0.702587	0.00238194	0.489065	0.01
550	0.114809	0.212583	0.00324705	0.0567531	0.702961	0.00238601	0.489659	0.01
551	0.114566	0.212231	0.0032544	0.056849	0.703332	0.00239008	0.490252	0.01
552	0.114323	0.211878	0.00326173	0.0569446	0.703703	0.00239414	0.490845	0.01
553	0.114081	0.211527	0.00326905	0.0570401	0.704071	0.00239819	0.491436	0.01
554	0.11384	0.211176	0.00327636	0.0571355	0.704438	0.00240223	0.492027	0.01
555	0.113599	0.210825	0.00328366	0.0572306	0.704804	0.00240627	0.492617	0.01
556	0.11336	0.210475	0.00329095	0.0573257	0.705168	0.0024103	0.493206	0.01
557	0.113122	0.210126	0.00329823	0.0574205	0.705531	0.00241432	0.493793	0.01
558	0.112884	0.209777	0.00330549	0.0575153	0.705892	0.00241833	0.49438	0.01
559	0.112647	0.209429	0.00331274	0.0576098	0.706251	0.00242233	0.494966	0.01
560	0.112411	0.209081	0.00331998	0.0577042	0.706609	0.00242633	0.495552	0.01
561	0.112176	0.208734	0.00332721	0.0577985	0.706966	0.00243032	0.496136	0.01
562	0.111942	0.208387	0.00333443	0.0578925	0.707321	0.00243431	0.496719	0.01
563	0.111708	0.208041	0.00334164	0.0579865	0.707674	0.00243828	0.497302	0.01
564	0.111476	0.207696	0.00334883	0.0580802	0.708026	0.00244225	0.497883	0.01
565	0.111244	0.207351	0.00335601	0.0581739	0.708376	0.00244621	0.498464	0.01
566	0.111013	0.207006	0.00336318	0.0582673	0.708725	0.00245016	0.499043	0.01
567	0.110783	0.206662	0.00337034	0.0583606	0.709073	0.00245411	0.499622	0.01
568	0.110554	0.206319	0.00337749	0.0584538	0.709419	0.00245804	0.5002	0.01
569	0.110325	0.205976	0.00338462	0.0585467	0.709764	0.00246197	0.500777	0.01
570	0.110098	0.205634	0.00339175	0.0586396	0.710107	0.0024659	0.501353	0.01
571	0.109871	0.205292	0.00339886	0.0587322	0.710449	0.00246981	0.501928	0.01
572	0.109645	0.204951	0.00340596	0.0588248	0.710789	0.00247372	0.502502	0.01
573	0.10942	0.20461	0.00341304	0.0589171	0.711128	0.00247762	0.503076	0.01
574	0.109195	0.20427	0.00342012	0.0590093	0.711465	0.00248151	0.503648	0.01
575	0.108972	0.20393	0.00342718	0.0591014	0.711801	0.00248539	0.50422	0.01
576	0.108749	0.203591	0.00343423	0.0591933	0.712136	0.00248927	0.504791	0.01
577	0.108527	0.203253	0.00344127	0.059285	0.712469	0.00249314	0.50536	0.01
578	0.108306	0.202915	0.0034483	0.0593766	0.7128	0.002497	0.505929	0.01
579	0.108086	0.202577	0.00345531	0.059468	0.713131	0.00250085	0.506497	0.01
580	0.107866	0.202241	0.00346231	0.0595593	0.71346	0.0025047	0.507065	0.01
581	0.107648	0.201904	0.00346931	0.0596504	0.713787	0.00250854	0.507631	0.01
582	0.10743	0.201568	0.00347628	0.0597413	0.714113	0.00251237	0.508196	0.01
583	0.107212	0.201233	0.00348325	0.0598321	0.714438	0.00251619	0.508761	0.01
584	0.106996	0.200898	0.00349021	0.0599227	0.714761	0.00252001	0.509324	0.01
585	0.106781	0.200564	0.00349715	0.0600132	0.715083	0.00252382	0.509887	0.01
586	0.106566	0.20023	0.00350408	0.0601036	0.715404	0.00252762	0.510449	0.01
587	0.106352	0.199897	0.003511	0.0601937	0.715723	0.00253141	0.51101	0.01
588	0.106139	0.199565	0.0035179	0.0602837	0.716041	0.0025352	0.51157	0.01
589	0.105926	0.199233	0.0035248	0.0603736	0.716358	0.00253898	0.512129	0.01
590	0.105714	0.198901	0.00353168	0.0604633	0.716673	0.00254275	0.512687	0.01
591	0.105503	0.19857	0.00353855	0.0605529	0.716987	0.00254651	0.513245	0.01
592	0.105293	0.198239	0.0035454	0.0606423	0.717299	0.00255026	0.513801	0.01
593	0.105084	0.197909	0.00355225	0.0607315	0.71761	0.00255401	0.514357	0.01
594	0.104875	0.19758	0.00355908	0.0608206	0.71792	0.00255775	0.514912	0.01
595	0.104667	0.197251	0.0035659	0.0609095	0.718229	0.00256148	0.515466	0.01
596	0.10446	0.196923	0.00357271	0.0609983	0.718536	0.00256521	0.516019	0.01
597	0.104254	0.196595	0.00357951	0.0610869	0.718842	0.00256893	0.516571	0.01
598	0.104048	0.196268	0.00358629	0.0611753	0.719146	0.00257264	0.517122	0.01
599	0.103843	0.195941	0.00359306	0.0612637	0.719449	0.00257634	0.517673	0.01
600	0.103639	0.195614	0.00359982	0.0613518	0.719751	0.00258003	0.518222	0.01
601	0.103436	0.195289	0.00360657	0.0614398	0.720052	0.00258372	0.518771	0.01
602	0.103233	0.194963	0.00361331	0.0615276	0.720352	0.0025874	0.519319	0.01
603	0.103031	0.194639	0.00362003	0.0616153	0.72065	0.00259107	0.519866	0.01
604	0.10283	0.194315	0.00362674	0.0617029	0.720947	0.00259473	0.520412	0.01
605	0.102629	0.193991	0.00363344	0.0617902	0.721242	0.00259839	0.520957	0.01
606	0.10243	0.193668	0.00364012	0.0618775	0.721536	0.00260204	0.521502	0.01
607	0.102231	0.193345	0.0036468	0.0619645	0.721829	0.00260568	0.522045	0.01
608	0.102032	0.193023	0.00365346	0.0620514	0.722121	0.00260932	0.522588	0.01
609	0.101835	0.192701	0.00366011	0.0621382	0.722412	0.00261294	0.52313	0.01
610	0.101638	0.19238	0.00366674	0.0622248	0.722701	0.00261656	0.523671	0.01
611	0.101442	0.19206	0.00367337	0.0623113	0.722989	0.00262017	0.524211	0.01
612	0.101246	0.19174	0.00367998	0.0623976	0.723276	0.00262377	0.52475	0.01
613	0.101052	0.19142	0.00368658	0.0624837	0.723562	0.00262737	0.525289	0.01
614	0.100858	0.191101	0.00369317	0.0625697	0.723846	0.00263096	0.525826	0.01
615	0.100664	0.190783	0.00369974	0.0626555	0.724129	0.00263454	0.526363	0.01
616	0.100472	0.190465	0.0037063	0.0627412	0.724411	0.00263811	0.526899	0.01
617	0.10028	0.190147	0.00371286	0.0628268	0.724692	0.00264168	0.527434	0.01
618	0.100089	0.18983	0.00371939	0.0629121	0.724971	0.00264524	0.527968	0.01
619	0.0998983	0.189514	0.00372592	0.0629974	0.725249	0.00264879	0.528501	0.01
620	0.0997085	0.189198	0.00373243	0.0630824	0.725527	0.00265233	0.529034	0.01
621	0.0995194	0.188883	0.00373893	0.0631674	0.725802	0.00265587	0.529565	0.01
622	0.099331	0.188568	0.00374542	0.0632521	0.726077	0.00265939	0.530096	0.01
623	0.0991432	0.188253	0.0037519	0.0633367	0.726351	0.00266291	0.530626	0.01
624	0.0989562	0.18794	0.00375836	0.0634212	0.726623	0.00266643	0.531155	0.01
625	0.0987698	0.187626	0.00376481	0.0635055	0.726894	0.00266993	0.531684	0.01
626	0.0985841	0.187313	0.00377125	0.0635897	0.727164	0.00267343	0.532211	0.01
627	0.0983991	0.187001	0.00377768	0.0636737	0.727433	0.00267692	0.532738	0.01
628	0.0982148	0.186689	0.00378409	0.0637575	0.727701	0.0026804	0.533263	0.01
629	0.0980311	0.186378	0.00379049	0.0638412	0.727967	0.00268388	0.533788	0.01
630	0.0978481	0.186067	0.00379688	0.0639248	0.728232	0.00268735	0.534312	0.01
631	0.0976658	0.185757	0.00380326	0.0640082	0.728497	0.00269081	0.534836	0.01
632	0.0974841	0.185447	0.00380963	0.0640914	0.72876	0.00269426	0.535358	0.01
633	0.0973032	0.185138	0.00381598	0.0641745	0.729022	0.00269771	0.53588	0.01
634	0.0971228	0.184829	0.00382232	0.0642574	0.729282	0.00270114	0.5364	0.01
635	0.0969431	0.184521	0.00382865	0.0643402	0.729542	0.00270457	0.53692	0.01
636	0.0967641	0.184213	0.00383496	0.0644229	0.729801	0.002708	0.53744	0.01
637	0.0965857	0.183906	0.00384127	0.0645054	0.730058	0.00271141	0.537958	0.01
638	0.096408	0.183599	0.00384756	0.0645877	0.730314	0.00271482	0.538475	0.01
639	0.096231	0.183293	0.00385383	0.0646699	0.730569	0.00271822	0.538992	0.01
640	0.0960545	0.182987	0.0038601	0.0647519	0.730824	0.00272161	0.539508	0.01
641	0.0958788	0.182682	0.00386635	0.0648338	0.731077	0.002725	0.540023	0.01
642	0.0957036	0.182377	0.0038726	0.0649155	0.731328	0.00272838	0.540537	0.01
643	0.0955291	0.182072	0.00387882	0.0649971	0.731579	0.00273175	0.54105	0.01
644	0.0953553	0.181769	0.00388504	0.0650786	0.731829	0.00273511	0.541563	0.01
645	0.0951821	0.181465	0.00389124	0.0651598	0.732077	0.00273847	0.542075	0.01
646	0.0950095	0.181163	0.00389744	0.065241	0.732325	0.00274181	0.542586	0.01
647	0.0948375	0.18086	0.00390362	0.065322	0.732571	0.00274515	0.543096	0.01
648	0.0946662	0.180559	0.00390978	0.0654028	0.732817	0.00274849	0.543605	0.01
649	0.0944955	0.180257	0.00391594	0.0654835	0.733061	0.00275181	0.544113	0.01
650	0.0943254	0.179956	0.00392208	0.065564	0.733304	0.00275513	0.544621	0.01
651	0.094156	0.179656	0.00392821	0.0656444	0.733546	0.00275844	0.545128	0.01
652	0.0939871	0.179356	0.00393433	0.0657246	0.733788	0.00276175	0.545634	0.01
653	0.0938189	0.179057	0.00394043	0.0658047	0.734028	0.00276504	0.546139	0.01
654	0.0936513	0.178758	0.00394653	0.0658847	0.734267	0.00276833	0.546644	0.01
655	0.0934843	0.17846	0.00395261	0.0659645	0.734505	0.00277161	0.547147	0.01
656	0.093318	0.178162	0.00395868	0.0660441	0.734742	0.00277489	0.54765	0.01
657	0.0931522	0.177865	0.00396473	0.0661236	0.734977	0.00277815	0.548152	0.01
658	0.092987	0.177568	0.00397078	0.066203	0.735212	0.00278141	0.548653	0.01
659	0.0928225	0.177271	0.00397681	0.0662822	0.735446	0.00278466	0.549154	0.01
660	0.0926586	0.176975	0.00398283	0.0663612	0.735679	0.00278791	0.549653	0.01
661	0.0924952	0.17668	0.00398884	0.0664401	0.735911	0.00279114	0.550152	0.01
662	0.0923325	0.176385	0.00399483	0.0665189	0.736142	0.00279437	0.55065	0.01
663	0.0921703	0.176091	0.00400081	0.0665975	0.736371	0.0027976	0.551147	0.01
664	0.0920087	0.175797	0.00400678	0.0666759	0.7366	0.00280081	0.551644	0.01
665	0.0918478	0.175503	0.00401274	0.0667542	0.736828	0.00280402	0.552139	0.01
666	0.0916874	0.17521	0.00401869	0.0668324	0.737055	0.00280722	0.552634	0.01
667	0.0915276	0.174918	0.00402462	0.0669104	0.73728	0.00281041	0.553128	0.01
668	0.0913684	0.174626	0.00403054	0.0669883	0.737505	0.0028136	0.553621	0.01
669	0.0912098	0.174334	0.00403645	0.067066	0.737729	0.00281677	0.554114	0.01
670	0.0910518	0.174043	0.00404235	0.0671436	0.737952	0.00281994	0.554605	0.01
671	0.0908943	0.173753	0.00404823	0.0672211	0.738173	0.00282311	0.555096	0.01
672	0.0907374	0.173463	0.00405411	0.0672983	0.738394	0.00282626	0.555586	0.01
673	0.0905811	0.173173	0.00405997	0.0673755	0.738614	0.00282941	0.556076	0.01
674	0.0904254	0.172884	0.00406581	0.0674525	0.738833	0.00283255	0.556564	0.01
675	0.0902703	0.172595	0.00407165	0.0675293	0.739051	0.00283569	0.557052	0.01
676	0.0901157	0.172307	0.00407747	0.067606	0.739268	0.00283881	0.557539	0.01
677	0.0899617	0.172019	0.00408328	0.0676826	0.739484	0.00284193	0.558025	0.01
678	0.0898082	0.171732	0.00408908	0.067759	0.739699	0.00284505	0.55851	0.01
679	0.0896553	0.171445	0.00409487	0.0678353	0.739913	0.00284815	0.558995	0.01
680	0.089503	0.171159	0.00410065	0.0679114	0.740126	0.00285125	0.559479	0.01
681	0.0893512	0.170873	0.00410641	0.0679874	0.740339	0.00285434	0.559962	0.01
682	0.0892	0.170588	0.00411216	0.0680632	0.74055	0.00285742	0.560444	0.01
683	0.0890494	0.170303	0.0041179	0.0681389	0.74076	0.0028605	0.560926	0.01
684	0.0888993	0.170019	0.00412363	0.0682145	0.74097	0.00286357	0.561406	0.01
685	0.0887497	0.169735	0.00412934	0.0682899	0.741178	0.00286663	0.561886	0.01
686	0.0886007	0.169451	0.00413504	0.0683651	0.741386	0.00286968	0.562365	0.01
687	0.0884523	0.169169	0.00414073	0.0684402	0.741593	0.00287273	0.562844	0.01
688	0.0883044	0.168886	0.00414641	0.0685152	0.741798	0.00287577	0.563321	0.01
689	0.088157	0.168604	0.00415208	0.06859	0.742003	0.0028788	0.563798	0.01
690	0.0880102	0.168323	0.00415773	0.0686647	0.742207	0.00288183	0.564274	0.01
691	0.0878639	0.168041	0.00416337	0.0687393	0.74241	0.00288484	0.56475	0.01
692	0.0877182	0.167761	0.004169	0.0688137	0.742612	0.00288786	0.565224	0.01
693	0.087573	0.167481	0.00417462	0.0688879	0.742814	0.00289086	0.565698	0.01
694	0.0874283	0.167201	0.00418023	0.068962	0.743014	0.00289386	0.566171	0.01
695	0.0872842	0.166922	0.00418582	0.069036	0.743213	0.00289684	0.566643	0.01
696	0.0871406	0.166643	0.0041914	0.0691099	0.743412	0.00289983	0.567115	0.01
697	0.0869975	0.166365	0.00419697	0.0691835	0.74361	0.0029028	0.567586	0.01
698	0.086855	0.166087	0.00420253	0.0692571	0.743806	0.00290577	0.568056	0.01
699	0.086713	0.16581	0.00420808	0.0693305	0.744002	0.00290873	0.568525	0.01
700	0.0865715	0.165533	0.00421361	0.0694038	0.744197	0.00291168	0.568993	0.01
701	0.0864305	0.165256	0.00421913	0.0694769	0.744392	0.00291463	0.569461	0.01
702	0.08629	0.16498	0.00422464	0.0695499	0.744585	0.00291757	0.569928	0.01
703	0.0861501	0.164705	0.00423014	0.0696227	0.744778	0.0029205	0.570394	0.01
704	0.0860106	0.16443	0.00423563	0.0696954	0.744969	0.00292343	0.57086	0.01
705	0.0858717	0.164155	0.0042411	0.069768	0.74516	0.00292634	0.571324	0.01
706	0.0857333	0.163881	0.00424656	0.0698404	0.74535	0.00292925	0.571788	0.01
707	0.0855954	0.163607	0.00425201	0.0699127	0.745539	0.00293216	0.572251	0.01
708	0.0854581	0.163334	0.00425745	0.0699848	0.745727	0.00293505	0.572714	0.01
709	0.0853212	0.163062	0.00426288	0.0700568	0.745915	0.00293794	0.573176	0.01
710	0.0851848	0.162789	0.0042683	0.0701286	0.746101	0.00294083	0.573637	0.01
711	0.0850489	0.162517	0.0042737	0.0702004	0.746287	0.0029437	0.574097	0.01
712	0.0849136	0.162246	0.00427909	0.0702719	0.746472	0.00294657	0.574556	0.01
713	0.0847787	0.161975	0.00428447	0.0703434	0.746656	0.00294943	0.575015	0.01
714	0.0846443	0.161705	0.00428984	0.0704147	0.746839	0.00295229	0.575473	0.01
715	0.0845105	0.161435	0.00429519	0.0704858	0.747021	0.00295513	0.57593	0.01
716	0.0843771	0.161165	0.00430054	0.0705569	0.747203	0.00295797	0.576387	0.01
717	0.0842442	0.160896	0.00430587	0.0706277	0.747384	0.00296081	0.576842	0.01
718	0.0841118	0.160627	0.00431119	0.0706985	0.747564	0.00296363	0.577297	0.01
719	0.0839799	0.160359	0.0043165	0.0707691	0.747743	0.00296645	0.577752	0.01
720	0.0838485	0.160091	0.0043218	0.0708396	0.747921	0.00296926	0.578205	0.01
721	0.0837175	0.159824	0.00432708	0.0709099	0.748099	0.00297207	0.578658	0.01
722	0.0835871	0.159557	0.00433236	0.0709801	0.748276	0.00297487	0.57911	0.01
723	0.0834571	0.159291	0.00433762	0.0710502	0.748452	0.00297766	0.579561	0.01
724	0.0833276	0.159025	0.00434287	0.0711201	0.748627	0.00298044	0.580012	0.01
725	0.0831986	0.158759	0.00434811	0.0711899	0.748801	0.00298322	0.580462	0.01
726	0.0830701	0.158494	0.00435334	0.0712595	0.748975	0.00298599	0.580911	0.01
727	0.082942	0.15823	0.00435855	0.071329	0.749148	0.00298875	0.58136	0.01
728	0.0828144	0.157965	0.00436376	0.0713984	0.74932	0.00299151	0.581807	0.01
729	0.0826873	0.157702	0.00436895	0.0714676	0.749491	0.00299426	0.582254	0.01
730	0.0825606	0.157438	0.00437413	0.0715367	0.749662	0.002997	0.5827	0.01
731	0.0824344	0.157176	0.0043793	0.0716057	0.749831	0.00299973	0.583146	0.01
732	0.0823087	0.156913	0.00438446	0.0716745	0.75	0.00300246	0.583591	0.01
733	0.0821835	0.156651	0.0043896	0.0717432	0.750169	0.00300518	0.584035	0.01
734	0.0820587	0.15639	0.00439474	0.0718117	0.750336	0.0030079	0.584478	0.01
735	0.0819344	0.156129	0.00439986	0.0718802	0.750503	0.00301061	0.584921	0.01
736	0.0818105	0.155868	0.00440497	0.0719485	0.750669	0.00301331	0.585363	0.01
737	0.0816871	0.155608	0.00441007	0.0720166	0.750834	0.003016	0.585804	0.01
738	0.0815641	0.155348	0.00441516	0.0720846	0.750998	0.00301869	0.586244	0.01
739	0.0814416	0.155089	0.00442024	0.0721525	0.751162	0.00302137	0.586684	0.01
740	0.0813196	0.15483	0.00442531	0.0722202	0.751325	0.00302404	0.587123	0.01
741	0.081198	0.154571	0.00443036	0.0722879	0.751487	0.00302671	0.587562	0.01
742	0.0810769	0.154313	0.0044354	0.0723553	0.751649	0.00302937	0.587999	0.01
743	0.0809562	0.154056	0.00444044	0.0724227	0.75181	0.00303202	0.588436	0.01
744	0.0808359	0.153799	0.00444546	0.0724899	0.75197	0.00303467	0.588872	0.01
745	0.0807161	0.153542	0.00445047	0.072557	0.752129	0.00303731	0.589308	0.01
746	0.0805967	0.153286	0.00445546	0.0726239	0.752288	0.00303994	0.589743	0.01
747	0.0804778	0.15303	0.00446045	0.0726907	0.752446	0.00304256	0.590177	0.01
748	0.0803593	0.152774	0.00446542	0.0727574	0.752603	0.00304518	0.59061	0.01
749	0.0802413	0.152519	0.00447039	0.072824	0.752759	0.00304779	0.591043	0.01
750	0.0801237	0.152265	0.00447534	0.0728904	0.752915	0.0030504	0.591475	0.01
751	0.0800065	0.152011	0.00448028	0.0729566	0.75307	0.003053	0.591906	0.01
752	0.0798898	0.151757	0.00448521	0.0730228	0.753224	0.00305559	0.592337	0.01
753	0.0797735	0.151504	0.00449013	0.0730888	0.753378	0.00305818	0.592766	0.01
754	0.0796576	0.151251	0.00449504	0.0731547	0.753531	0.00306075	0.593196	0.01
755	0.0795422	0.150999	0.00449993	0.0732205	0.753683	0.00306333	0.593624	0.01
756	0.0794272	0.150747	0.00450482	0.0732861	0.753835	0.00306589	0.594052	0.01
757	0.0793126	0.150495	0.00450969	0.0733516	0.753986	0.00306845	0.594479	0.01
758	0.0791984	0.150244	0.00451455	0.0734169	0.754136	0.003071	0.594905	0.01
759	0.0790847	0.149993	0.00451941	0.0734822	0.754285	0.00307354	0.595331	0.01
760	0.0789713	0.149743	0.00452425	0.0735473	0.754434	0.00307608	0.595756	0.01
761	0.0788584	0.149493	0.00452908	0.0736122	0.754582	0.00307861	0.59618	0.01
762	0.078746	0.149244	0.00453389	0.0736771	0.75473	0.00308114	0.596604	0.01
763	0.0786339	0.148995	0.0045387	0.0737418	0.754876	0.00308366	0.597026	0.01
764	0.0785222	0.148746	0.0045435	0.0738063	0.755023	0.00308617	0.597449	0.01
765	0.078411	0.148498	0.00454828	0.0738708	0.755168	0.00308867	0.59787	0.01
766	0.0783002	0.14825	0.00455306	0.0739351	0.755313	0.00309117	0.598291	0.01
767	0.0781898	0.148003	0.00455782	0.0739993	0.755457	0.00309366	0.598711	0.01
768	0.0780798	0.147756	0.00456257	0.0740634	0.7556	0.00309615	0.599131	0.01
769	0.0779702	0.14751	0.00456731	0.0741273	0.755743	0.00309862	0.599549	0.01
770	0.077861	0.147264	0.00457204	0.0741911	0.755885	0.0031011	0.599967	0.01
771	0.0777522	0.147018	0.00457676	0.0742548	0.756027	0.00310356	0.600385	0.01
772	0.0776438	0.146773	0.00458147	0.0743183	0.756168	0.00310602	0.600802	0.01
773	0.0775358	0.146528	0.00458617	0.0743817	0.756308	0.00310847	0.601218	0.01
774	0.0774282	0.146284	0.00459085	0.074445	0.756448	0.00311092	0.601633	0.01
775	0.077321	0.14604	0.00459553	0.0745082	0.756587	0.00311335	0.602048	0.01
776	0.0772143	0.145796	0.00460019	0.0745712	0.756725	0.00311579	0.602462	0.01
777	0.0771079	0.145553	0.00460484	0.0746341	0.756862	0.00311821	0.602875	0.01
778	0.0770019	0.14531	0.00460949	0.0746969	0.756999	0.00312063	0.603288	0.01
779	0.0768963	0.145068	0.00461412	0.0747596	0.757136	0.00312304	0.6037	0.01
780	0.0767911	0.144826	0.00461874	0.0748221	0.757272	0.00312545	0.604111	0.01
781	0.0766862	0.144585	0.00462335	0.0748845	0.757407	0.00312785	0.604521	0.01
782	0.0765818	0.144343	0.00462795	0.0749468	0.757541	0.00313024	0.604931	0.01
783	0.0764778	0.144103	0.00463254	0.0750089	0.757675	0.00313263	0.605341	0.01
784	0.0763741	0.143863	0.00463712	0.0750709	0.757809	0.00313501	0.605749	0.01
785	0.0762708	0.143623	0.00464168	0.0751328	0.757941	0.00313738	0.606157	0.01
786	0.0761679	0.143383	0.00464624	0.0751946	0.758073	0.00313975	0.606564	0.01
787	0.0760654	0.143144	0.00465079	0.0752562	0.758205	0.00314211	0.606971	0.01
788	0.0759633	0.142906	0.00465532	0.0753177	0.758336	0.00314446	0.607377	0.01
789	0.0758616	0.142667	0.00465985	0.0753791	0.758466	0.00314681	0.607782	0.01
790	0.0757602	0.14243	0.00466436	0.0754404	0.758596	0.00314915	0.608187	0.01
791	0.0756592	0.142192	0.00466886	0.0755016	0.758725	0.00315148	0.608591	0.01
792	0.0755586	0.141955	0.00467336	0.0755626	0.758853	0.00315381	0.608994	0.01
793	0.0754583	0.141719	0.00467784	0.0756235	0.758981	0.00315613	0.609397	0.01
794	0.0753585	0.141483	0.00468231	0.0756842	0.759108	0.00315845	0.609799	0.01
795	0.0752589	0.141247	0.00468677	0.0757449	0.759235	0.00316076	0.6102	0.01
796	0.0751598	0.141011	0.00469122	0.0758054	0.759361	0.00316306	0.610601	0.01
797	0.075061	0.140776	0.00469566	0.0758658	0.759486	0.00316536	0.611001	0.01
798	0.0749626	0.140542	0.00470009	0.0759261	0.759611	0.00316765	0.6114	0.01
799	0.0748646	0.140308	0.00470451	0.0759862	0.759736	0.00316993	0.611799	0.01
800	0.0747669	0.140074	0.00470892	0.0760463	0.75986	0.00317221	0.612197	0.01
801	0.0746696	0.139841	0.00471332	0.0761062	0.759983	0.00317448	0.612594	0.01
802	0.0745727	0.139608	0.0047177	0.076166	0.760105	0.00317674	0.612991	0.01
803	0.0744761	0.139375	0.00472208	0.0762256	0.760227	0.003179	0.613387	0.01
804	0.0743799	0.139143	0.00472645	0.0762852	0.760349	0.00318125	0.613782	0.01
805	0.074284	0.138911	0.0047308	0.0763446	0.76047	0.0031835	0.614177	0.01
806	0.0741885	0.13868	0.00473515	0.0764039	0.76059	0.00318574	0.614571	0.01
807	0.0740933	0.138449	0.00473949	0.0764631	0.76071	0.00318797	0.614965	0.01
808	0.0739985	0.138218	0.00474381	0.0765221	0.760829	0.0031902	0.615357	0.01
809	0.0739041	0.137988	0.00474813	0.0765811	0.760948	0.00319242	0.61575	0.01
810	0.07381	0.137758	0.00475243	0.0766399	0.761066	0.00319463	0.616141	0.01
811	0.0737162	0.137529	0.00475673	0.0766986	0.761184	0.00319684	0.616532	0.01
812	0.0736228	0.1373	0.00476101	0.0767571	0.761301	0.00319904	0.616922	0.01
813	0.0735298	0.137071	0.00476528	0.0768156	0.761417	0.00320124	0.617312	0.01
814	0.073437	0.136843	0.00476955	0.0768739	0.761533	0.00320342	0.617701	0.01
815	0.0733447	0.136615	0.0047738	0.0769321	0.761649	0.00320561	0.618089	0.01
816	0.0732527	0.136388	0.00477805	0.0769902	0.761764	0.00320778	0.618477	0.01
817	0.073161	0.136161	0.00478228	0.0770482	0.761878	0.00320995	0.618864	0.01
818	0.0730696	0.135934	0.0047865	0.077106	0.761992	0.00321212	0.61925	0.01
819	0.0729786	0.135708	0.00479071	0.0771638	0.762105	0.00321428	0.619636	0.01
820	0.072888	0.135482	0.00479492	0.0772214	0.762218	0.00321643	0.620021	0.01
821	0.0727976	0.135256	0.00479911	0.0772789	0.76233	0.00321857	0.620406	0.01
822	0.0727077	0.135031	0.00480329	0.0773363	0.762442	0.00322071	0.62079	0.01
823	0.072618	0.134807	0.00480747	0.0773935	0.762553	0.00322285	0.621173	0.01
824	0.0725287	0.134582	0.00481163	0.0774506	0.762663	0.00322497	0.621555	0.01
825	0.0724397	0.134358	0.00481578	0.0775077	0.762774	0.0032271	0.621937	0.01
826	0.072351	0.134135	0.00481992	0.0775646	0.762883	0.00322921	0.622319	0.01
827	0.0722627	0.133911	0.00482406	0.0776214	0.762992	0.00323132	0.622699	0.01
828	0.0721747	0.133689	0.00482818	0.077678	0.763101	0.00323342	0.62308	0.01
829	0.072087	0.133466	0.00483229	0.0777346	0.763209	0.00323552	0.623459	0.01
830	0.0719997	0.133244	0.0048364	0.077791	0.763317	0.00323761	0.623838	0.01
831	0.0719126	0.133023	0.00484049	0.0778473	0.763424	0.00323969	0.624216	0.01
832	0.071826	0.132801	0.00484457	0.0779035	0.76353	0.00324177	0.624594	0.01
833	0.0717396	0.13258	0.00484864	0.0779596	0.763636	0.00324385	0.624971	0.01
834	0.0716535	0.13236	0.00485271	0.0780156	0.763742	0.00324591	0.625347	0.01
835	0.0715678	0.13214	0.00485676	0.0780714	0.763847	0.00324797	0.625723	0.01
836	0.0714824	0.13192	0.00486081	0.0781272	0.763952	0.00325003	0.626098	0.01
837	0.0713973	0.131701	0.00486484	0.0781828	0.764056	0.00325207	0.626472	0.01
838	0.0713125	0.131482	0.00486886	0.0782383	0.764159	0.00325412	0.626846	0.01
839	0.071228	0.131263	0.00487288	0.0782937	0.764262	0.00325615	0.62722	0.01
840	0.0711439	0.131045	0.00487688	0.078349	0.764365	0.00325818	0.627592	0.01
841	0.07106	0.130827	0.00488088	0.0784041	0.764467	0.00326021	0.627964	0.01
842	0.0709765	0.13061	0.00488486	0.0784592	0.764569	0.00326223	0.628336	0.01
843	0.0708933	0.130392	0.00488884	0.0785141	0.76467	0.00326424	0.628706	0.01
844	0.0708104	0.130176	0.0048928	0.0785689	0.764771	0.00326624	0.629077	0.01
845	0.0707278	0.129959	0.00489676	0.0786236	0.764871	0.00326824	0.629446	0.01
846	0.0706455	0.129743	0.00490071	0.0786782	0.764971	0.00327024	0.629815	0.01
847	0.0705635	0.129528	0.00490464	0.0787327	0.76507	0.00327223	0.630184	0.01
848	0.0704818	0.129312	0.00490857	0.078787	0.765169	0.00327421	0.630551	0.01
849	0.0704004	0.129098	0.00491249	0.0788413	0.765267	0.00327619	0.630918	0.01
850	0.0703194	0.128883	0.0049164	0.0788954	0.765365	0.00327816	0.631285	0.01
851	0.0702386	0.128669	0.0049203	0.0789494	0.765462	0.00328012	0.631651	0.01
852	0.0701581	0.128455	0.00492418	0.0790033	0.765559	0.00328208	0.632016	0.01
853	0.0700779	0.128242	0.00492806	0.0790571	0.765656	0.00328403	0.632381	0.01
854	0.0699981	0.128029	0.00493193	0.0791108	0.765752	0.00328598	0.632745	0.01
855	0.0699185	0.127816	0.0049358	0.0791644	0.765847	0.00328792	0.633109	0.01
856	0.0698392	0.127604	0.00493965	0.0792178	0.765942	0.00328986	0.633472	0.01
857	0.0697602	0.127392	0.00494349	0.0792712	0.766037	0.00329179	0.633834	0.01
858	0.0696815	0.12718	0.00494732	0.0793244	0.766131	0.00329371	0.634196	0.01
859	0.0696031	0.126969	0.00495114	0.0793776	0.766225	0.00329563	0.634557	0.01
860	0.069525	0.126758	0.00495496	0.0794306	0.766318	0.00329754	0.634917	0.01
861	0.0694472	0.126548	0.00495876	0.0794835	0.766411	0.00329945	0.635277	0.01
862	0.0693697	0.126338	0.00496256	0.0795363	0.766504	0.00330135	0.635636	0.01
863	0.0692924	0.126128	0.00496634	0.0795889	0.766596	0.00330324	0.635995	0.01
864	0.0692155	0.125919	0.00497012	0.0796415	0.766687	0.00330513	0.636353	0.01
865	0.0691388	0.12571	0.00497388	0.079694	0.766778	0.00330702	0.636711	0.01
866	0.0690624	0.125501	0.00497764	0.0797463	0.766869	0.00330889	0.637068	0.01
867	0.0689863	0.125293	0.00498139	0.0797986	0.766959	0.00331076	0.637424	0.01
868	0.0689105	0.125085	0.00498513	0.0798507	0.767049	0.00331263	0.63778	0.01
869	0.068835	0.124877	0.00498886	0.0799027	0.767138	0.00331449	0.638135	0.01
870	0.0687597	0.12467	0.00499258	0.0799546	0.767227	0.00331635	0.63849	0.01
871	0.0686848	0.124463	0.00499629	0.0800064	0.767316	0.00331819	0.638844	0.01
872	0.0686101	0.124257	0.005	0.0800581	0.767404	0.00332004	0.639197	0.01
873	0.0685357	0.124051	0.00500369	0.0801097	0.767492	0.00332187	0.63955	0.01
874	0.0684615	0.123845	0.00500737	0.0801612	0.767579	0.00332371	0.639902	0.01
875	0.0683877	0.123639	0.00501105	0.0802125	0.767666	0.00332553	0.640254	0.01
876	0.0683141	0.123434	0.00501471	0.0802638	0.767752	0.00332735	0.640605	0.01
877	0.0682408	0.12323	0.00501837	0.0803149	0.767838	0.00332917	0.640956	0.01
878	0.0681678	0.123025	0.00502202	0.080366	0.767924	0.00333098	0.641306	0.01
879	0.068095	0.122821	0.00502566	0.0804169	0.768009	0.00333278	0.641655	0.01
880	0.0680225	0.122618	0.00502929	0.0804678	0.768094	0.00333458	0.642004	0.01
881	0.0679503	0.122414	0.00503291	0.0805185	0.768178	0.00333637	0.642352	0.01
882	0.0678783	0.122211	0.00503652	0.0805691	0.768262	0.00333816	0.6427	0.01
883	0.0678066	0.122009	0.00504012	0.0806196	0.768346	0.00333994	0.643047	0.01
884	0.0677352	0.121807	0.00504372	0.08067	0.768429	0.00334171	0.643393	0.01
885	0.0676641	0.121605	0.0050473	0.0807203	0.768512	0.00334348	0.643739	0.01
886	0.0675932	0.121403	0.00505088	0.0807705	0.768594	0.00334525	0.644084	0.01
887	0.0675225	0.121202	0.00505445	0.0808206	0.768676	0.003347	0.644429	0.01
888	0.0674522	0.121001	0.005058	0.0808705	0.768758	0.00334876	0.644773	0.01
889	0.0673821	0.120801	0.00506155	0.0809204	0.768839	0.0033505	0.645117	0.01
890	0.0673122	0.1206	0.0050651	0.0809702	0.76892	0.00335225	0.64546	0.01
891	0.0672427	0.120401	0.00506863	0.0810198	0.769	0.00335398	0.645802	0.01
892	0.0671733	0.120201	0.00507215	0.0810694	0.76908	0.00335571	0.646144	0.01
893	0.0671043	0.120002	0.00507566	0.0811188	0.76916	0.00335744	0.646486	0.01
894	0.0670355	0.119803	0.00507917	0.0811682	0.769239	0.00335916	0.646826	0.01
895	0.0669669	0.119605	0.00508267	0.0812174	0.769318	0.00336087	0.647167	0.01
896	0.0668986	0.119407	0.00508616	0.0812666	0.769396	0.00336258	0.647506	0.01
897	0.0668306	0.119209	0.00508964	0.0813156	0.769474	0.00336428	0.647845	0.01
898	0.0667628	0.119012	0.00509311	0.0813645	0.769552	0.00336598	0.648184	0.01
899	0.0666953	0.118815	0.00509657	0.0814133	0.769629	0.00336767	0.648522	0.01
900	0.066628	0.118618	0.00510002	0.0814621	0.769706	0.00336936	0.648859	0.01
901	0.0665609	0.118422	0.00510347	0.0815107	0.769783	0.00337104	0.649196	0.01
902	0.0664942	0.118226	0.0051069	0.0815592	0.769859	0.00337272	0.649532	0.01
903	0.0664276	0.11803	0.00511033	0.0816076	0.769935	0.00337439	0.649868	0.01
904	0.0663613	0.117835	0.00511375	0.0816559	0.77001	0.00337605	0.650203	0.01
905	0.0662953	0.11764	0.00511716	0.0817041	0.770085	0.00337771	0.650538	0.01
906	0.0662295	0.117445	0.00512056	0.0817522	0.77016	0.00337937	0.650872	0.01
907	0.066164	0.117251	0.00512396	0.0818002	0.770234	0.00338102	0.651205	0.01
908	0.0660987	0.117057	0.00512734	0.0818481	0.770308	0.00338266	0.651538	0.01
909	0.0660336	0.116863	0.00513072	0.0818959	0.770382	0.0033843	0.651871	0.01
910	0.0659688	0.11667	0.00513409	0.0819436	0.770455	0.00338593	0.652203	0.01
911	0.0659042	0.116477	0.00513745	0.0819912	0.770528	0.00338756	0.652534	0.01
912	0.0658399	0.116284	0.0051408	0.0820387	0.770601	0.00338918	0.652865	0.01
913	0.0657758	0.116092	0.00514414	0.0820861	0.770673	0.0033908	0.653195	0.01
914	0.0657119	0.1159	0.00514747	0.0821334	0.770745	0.00339241	0.653524	0.01
915	0.0656483	0.115708	0.0051508	0.0821806	0.770817	0.00339402	0.653853	0.01
916	0.0655849	0.115517	0.00515412	0.0822277	0.770888	0.00339562	0.654182	0.01
917	0.0655217	0.115326	0.00515743	0.0822746	0.770959	0.00339721	0.65451	0.01
918	0.0654588	0.115136	0.00516073	0.0823215	0.771029	0.0033988	0.654837	0.01
919	0.0653962	0.114945	0.00516402	0.0823683	0.771099	0.00340039	0.655164	0.01
920	0.0653337	0.114755	0.00516731	0.082415	0.771169	0.00340197	0.655491	0.01
921	0.0652715	0.114566	0.00517058	0.0824616	0.771238	0.00340354	0.655816	0.01
922	0.0652095	0.114376	0.00517385	0.0825081	0.771307	0.00340511	0.656142	0.01
923	0.0651478	0.114187	0.00517711	0.0825545	0.771376	0.00340667	0.656466	0.01
924	0.0650862	0.113999	0.00518036	0.0826008	0.771445	0.00340823	0.656791	0.01
925	0.0650249	0.11381	0.0051836	0.0826469	0.771513	0.00340979	0.657114	0.01
926	0.0649639	0.113622	0.00518684	0.082693	0.77158	0.00341133	0.657437	0.01
927	0.064903	0.113435	0.00519007	0.082739	0.771648	0.00341288	0.65776	0.01
928	0.0648424	0.113248	0.00519328	0.0827849	0.771715	0.00341441	0.658082	0.01
929	0.0647821	0.113061	0.0051965	0.0828307	0.771782	0.00341595	0.658404	0.01
930	0.0647219	0.112874	0.0051997	0.0828764	0.771848	0.00341747	0.658724	0.01
931	0.064662	0.112687	0.00520289	0.082922	0.771914	0.003419	0.659045	0.01
932	0.0646022	0.112501	0.00520608	0.0829675	0.77198	0.00342051	0.659365	0.01
933	0.0645428	0.112316	0.00520926	0.0830129	0.772045	0.00342203	0.659684	0.01
934	0.0644835	0.11213	0.00521243	0.0830582	0.772111	0.00342353	0.660003	0.01
935	0.0644244	0.111945	0.00521559	0.0831035	0.772175	0.00342503	0.660321	0.01
936	0.0643656	0.111761	0.00521874	0.0831486	0.77224	0.00342653	0.660639	0.01
937	0.064307	0.111576	0.00522189	0.0831936	0.772304	0.00342802	0.660956	0.01
938	0.0642486	0.111392	0.00522503	0.0832385	0.772368	0.00342951	0.661273	0.01
939	0.0641904	0.111208	0.00522816	0.0832833	0.772431	0.00343099	0.661589	0.01
940	0.0641325	0.111025	0.00523128	0.0833281	0.772495	0.00343247	0.661905	0.01
941	0.0640747	0.110842	0.0052344	0.0833727	0.772558	0.00343394	0.66222	0.01
942	0.0640172	0.110659	0.0052375	0.0834172	0.77262	0.0034354	0.662535	0.01
943	0.0639599	0.110477	0.0052406	0.0834617	0.772682	0.00343686	0.662849	0.01
944	0.0639028	0.110294	0.00524369	0.083506	0.772744	0.00343832	0.663162	0.01
945	0.0638459	0.110113	0.00524678	0.0835503	0.772806	0.00343977	0.663475	0.01
946	0.0637892	0.109931	0.00524985	0.0835944	0.772867	0.00344121	0.663788	0.01
947	0.0637328	0.10975	0.00525292	0.0836385	0.772928	0.00344265	0.6641	0.01
948	0.0636765	0.109569	0.00525598	0.0836825	0.772989	0.00344409	0.664411	0.01
949	0.0636205	0.109388	0.00525903	0.0837263	0.77305	0.00344552	0.664722	0.01
950	0.0635646	0.109208	0.00526208	0.0837701	0.77311	0.00344695	0.665033	0.01
951	0.063509	0.109028	0.00526511	0.0838138	0.77317	0.00344837	0.665343	0.01
952	0.0634536	0.108848	0.00526814	0.0838574	0.773229	0.00344978	0.665652	0.01
953	0.0633984	0.108669	0.00527116	0.0839009	0.773288	0.00345119	0.665961	0.01
954	0.0633434	0.10849	0.00527417	0.0839443	0.773347	0.0034526	0.666269	0.01
955	0.0632885	0.108311	0.00527718	0.0839876	0.773406	0.003454	0.666577	0.01
956	0.0632339	0.108133	0.00528018	0.0840308	0.773464	0.00345539	0.666885	0.01
957	0.0631795	0.107955	0.00528317	0.0840739	0.773522	0.00345678	0.667191	0.01
958	0.0631254	0.107777	0.00528615	0.0841169	0.77358	0.00345817	0.667498	0.01
959	0.0630714	0.1076	0.00528913	0.0841599	0.773638	0.00345955	0.667804	0.01
960	0.0630176	0.107423	0.00529209	0.0842027	0.773695	0.00346093	0.668109	0.01
961	0.062964	0.107246	0.00529505	0.0842455	0.773752	0.0034623	0.668414	0.01
962	0.0629106	0.107069	0.00529801	0.0842881	0.773808	0.00346366	0.668718	0.01
963	0.0628574	0.106893	0.00530095	0.0843307	0.773865	0.00346503	0.669022	0.01
964	0.0628044	0.106717	0.00530389	0.0843732	0.773921	0.00346638	0.669325	0.01
965	0.0627516	0.106542	0.00530682	0.0844156	0.773977	0.00346773	0.669628	0.01
966	0.062699	0.106366	0.00530974	0.0844578	0.774032	0.00346908	0.66993	0.01
967	0.0626466	0.106191	0.00531266	0.0845	0.774087	0.00347042	0.670232	0.01
968	0.0625944	0.106017	0.00531557	0.0845421	0.774142	0.00347176	0.670533	0.01
969	0.0625423	0.105842	0.00531847	0.0845842	0.774197	0.00347309	0.670834	0.01
970	0.0624905	0.105668	0.00532136	0.0846261	0.774251	0.00347442	0.671134	0.01
971	0.0624389	0.105495	0.00532424	0.0846679	0.774305	0.00347574	0.671434	0.01
972	0.0623874	0.105321	0.00532712	0.0847097	0.774359	0.00347706	0.671733	0.01
973	0.0623362	0.105148	0.00532999	0.0847513	0.774413	0.00347837	0.672032	0.01
974	0.0622851	0.104975	0.00533286	0.0847929	0.774466	0.00347968	0.67233	0.01
975	0.0622343	0.104803	0.00533571	0.0848344	0.774519	0.00348098	0.672628	0.01
976	0.0621836	0.10463	0.00533856	0.0848758	0.774572	0.00348228	0.672925	0.01
977	0.0621331	0.104458	0.0053414	0.084917	0.774624	0.00348357	0.673222	0.01
978	0.0620828	0.104287	0.00534424	0.0849583	0.774677	0.00348486	0.673518	0.01
979	0.0620327	0.104115	0.00534706	0.0849994	0.774729	0.00348614	0.673814	0.01
980	0.0619827	0.103944	0.00534988	0.0850404	0.77478	0.00348742	0.674109	0.01
981	0.061933	0.103774	0.00535269	0.0850813	0.774832	0.0034887	0.674404	0.01
982	0.0618834	0.103603	0.0053555	0.0851222	0.774883	0.00348997	0.674698	0.01
983	0.0618341	0.103433	0.0053583	0.0851629	0.774934	0.00349123	0.674992	0.01
984	0.0617849	0.103263	0.00536109	0.0852036	0.774984	0.00349249	0.675285	0.01
985	0.0617359	0.103094	0.00536387	0.0852442	0.775035	0.00349375	0.675578	0.01
986	0.061687	0.102925	0.00536665	0.0852847	0.775085	0.003495	0.67587	0.01
987	0.0616384	0.102756	0.00536942	0.0853251	0.775135	0.00349624	0.676162	0.01
988	0.0615899	0.102587	0.00537218	0.0853654	0.775185	0.00349749	0.676453	0.01
989	0.0615416	0.102419	0.00537494	0.0854057	0.775234	0.00349872	0.676744	0.01
990	0.0614935	0.102251	0.00537768	0.0854458	0.775283	0.00349996	0.677035	0.01
991	0.0614456	0.102083	0.00538042	0.0854859	0.775332	0.00350118	0.677324	0.01
992	0.0613979	0.101915	0.00538316	0.0855258	0.775381	0.00350241	0.677614	0.01
993	0.0613503	0.101748	0.00538589	0.0855657	0.775429	0.00350362	0.677903	0.01
994	0.0613029	0.101581	0.00538861	0.0856055	0.775477	0.00350484	0.678191	0.01
995	0.0612557	0.101415	0.00539132	0.0856452	0.775525	0.00350605	0.678479	0.01
996	0.0612086	0.101248	0.00539403	0.0856849	0.775573	0.00350725	0.678767	0.01
997	0.0611618	0.101082	0.00539672	0.0857244	0.77562	0.00350845	0.679054	0.01
998	0.0611151	0.100917	0.00539942	0.0857638	0.775667	0.00350964	0.67934	0.01
999	0.0610685	0.100751	0.0054021	0.0858032	0.775714	0.00351084	0.679626	0.01
