time	H2	O2	H2O	OH	H	HO2	O	N2
0	1	0,99	0	0	0	0	0	0,01
100	0,744753	0,858565	0,000853721	0,0273192	0,480247	0	0,234707	0,01
200	0,553967	0,727107	0,00417941	0,0717458	0,809816	0	0,449769	0,01
300	0,418246	0,606423	0,00899611	0,11908	1,02363	0	0,638844	0,01
400	0,325462	0,501302	0,0139048	0,163183	1,15483	0	0,799922	0,01
500	0,26382	0,412669	0,0181887	0,201801	1,23064	0	0,934144	0,01
600	0,223593	0,339409	0,0216559	0,234508	1,27126	0	1,04436	0,01
700	0,197558	0,27957	0,0243603	0,261688	1,29063	0	1,13405	0,01
800	0,180709	0,23103	0,0264359	0,284024	1,29776	0	1,20663	0,01
900	0,169724	0,191806	0,0280217	0,302258	1,29828	0	1,26518	0,01
1000	0,162466	0,160174	0,0292356	0,317083	1,29552	0	1,31235	0,01
1100	0,157581	0,134689	0,0301699	0,329104	1,29138	0	1,35031	0,01
1200	0,154222	0,114164	0,0308938	0,338837	1,28691	0	1,38086	0,01
1300	0,151857	0,0976342	0,0314584	0,346708	1,28263	0	1,40545	0,01
1400	0,150153	0,0843209	0,0319015	0,353069	1,27878	0	1,42525	0,01
1500	0,148897	0,0735962	0,0322513	0,358207	1,27545	0	1,44119	0,01
1600	0,147955	0,0649549	0,0325285	0,362356	1,27263	0	1,45403	0,01
1700	0,147235	0,0579911	0,0327491	0,365706	1,27028	0	1,46437	0,01
1800	0,146679	0,0523781	0,0329252	0,368409	1,26834	0	1,47271	0,01
1900	0,146244	0,0478532	0,0330661	0,370591	1,26674	0	1,47943	0,01
2000	0,145901	0,044205	0,033179	0,372351	1,26544	0	1,48484	0,01
2100	0,145629	0,0412634	0,0332696	0,373772	1,26438	0	1,48921	0,01
2200	0,145412	0,0388912	0,0333424	0,374918	1,26352	0	1,49273	0,01
2300	0,145239	0,0369781	0,0334009	0,375843	1,26283	0	1,49557	0,01
2400	0,145101	0,0354352	0,033448	0,376589	1,26226	0	1,49786	0,01
2500	0,144989	0,0341907	0,033486	0,377191	1,26181	0	1,49971	0,01
2600	0,1449	0,0331869	0,0335165	0,377676	1,26144	0	1,5012	0,01
2700	0,144828	0,0323772	0,0335411	0,378068	1,26114	0	1,5024	0,01
2800	0,14477	0,0317241	0,033561	0,378384	1,2609	0	1,50337	0,01
2900	0,144723	0,0311973	0,033577	0,378639	1,26071	0	1,50415	0,01
3000	0,144685	0,0307723	0,0335899	0,378844	1,26055	0	1,50478	0,01
3100	0,144655	0,0304295	0,0336002	0,37901	1,26043	0	1,50529	0,01
3200	0,14463	0,0301529	0,0336086	0,379144	1,26033	0	1,5057	0,01
3300	0,144611	0,0299299	0,0336154	0,379252	1,26024	0	1,50603	0,01
3400	0,144595	0,0297499	0,0336208	0,379339	1,26018	0	1,5063	0,01
3500	0,144582	0,0296047	0,0336252	0,379409	1,26012	0	1,50651	0,01
3600	0,144572	0,0294876	0,0336288	0,379466	1,26008	0	1,50669	0,01
3700	0,144563	0,0293931	0,0336316	0,379512	1,26005	0	1,50683	0,01
3800	0,144557	0,0293169	0,033634	0,379549	1,26002	0	1,50694	0,01
3900	0,144551	0,0292554	0,0336358	0,379578	1,26	0	1,50703	0,01
4000	0,144547	0,0292058	0,0336373	0,379602	1,25998	0	1,5071	0,01
4100	0,144543	0,0291658	0,0336385	0,379622	1,25996	0	1,50716	0,01
4200	0,14454	0,0291335	0,0336395	0,379637	1,25995	0	1,50721	0,01
4300	0,144538	0,0291074	0,0336403	0,37965	1,25994	0	1,50725	0,01
4400	0,144536	0,0290864	0,0336409	0,37966	1,25993	0	1,50728	0,01
4500	0,144535	0,0290695	0,0336414	0,379668	1,25993	0	1,50731	0,01
4600	0,144533	0,0290558	0,0336419	0,379675	1,25992	0	1,50733	0,01
4700	0,144533	0,0290448	0,0336422	0,37968	1,25992	0	1,50734	0,01
4800	0,144532	0,0290359	0,0336425	0,379685	1,25992	0	1,50736	0,01
4900	0,144531	0,0290287	0,0336427	0,379688	1,25991	0	1,50737	0,01
5000	0,144531	0,0290229	0,0336429	0,379691	1,25991	0	1,50738	0,01
5100	0,14453	0,0290182	0,033643	0,379693	1,25991	0	1,50738	0,01
5200	0,14453	0,0290145	0,0336431	0,379695	1,25991	0	1,50739	0,01
5300	0,14453	0,0290114	0,0336432	0,379696	1,25991	0	1,50739	0,01
5400	0,144529	0,029009	0,0336433	0,379698	1,25991	0	1,5074	0,01
5500	0,144529	0,029007	0,0336433	0,379699	1,25991	0	1,5074	0,01
5600	0,144529	0,0290054	0,0336434	0,379699	1,2599	0	1,5074	0,01
5700	0,144529	0,0290041	0,0336434	0,3797	1,2599	0	1,5074	0,01
5800	0,144529	0,0290031	0,0336435	0,3797	1,2599	0	1,50741	0,01
5900	0,144529	0,0290022	0,0336435	0,379701	1,2599	0	1,50741	0,01
6000	0,144529	0,0290015	0,0336435	0,379701	1,2599	0	1,50741	0,01
6100	0,144529	0,029001	0,0336435	0,379701	1,2599	0	1,50741	0,01
6200	0,144529	0,0290006	0,0336435	0,379702	1,2599	0	1,50741	0,01
6300	0,144529	0,0290002	0,0336435	0,379702	1,2599	0	1,50741	0,01
6400	0,144529	0,0289999	0,0336435	0,379702	1,2599	0	1,50741	0,01
6500	0,144529	0,0289997	0,0336436	0,379702	1,2599	0	1,50741	0,01
6600	0,144529	0,0289995	0,0336436	0,379702	1,2599	0	1,50741	0,01
6700	0,144529	0,0289993	0,0336436	0,379702	1,2599	0	1,50741	0,01
6800	0,144528	0,0289992	0,0336436	0,379702	1,2599	0	1,50741	0,01
6900	0,144528	0,0289991	0,0336436	0,379702	1,2599	0	1,50741	0,01
7000	0,144528	0,028999	0,0336436	0,379702	1,2599	0	1,50741	0,01
7100	0,144528	0,028999	0,0336436	0,379702	1,2599	0	1,50741	0,01
7200	0,144528	0,0289989	0,0336436	0,379702	1,2599	0	1,50741	0,01
7300	0,144528	0,0289989	0,0336436	0,379702	1,2599	0	1,50741	0,01
7400	0,144528	0,0289989	0,0336436	0,379702	1,2599	0	1,50741	0,01
7500	0,144528	0,0289988	0,0336436	0,379703	1,2599	0	1,50741	0,01
7600	0,144528	0,0289988	0,0336436	0,379703	1,2599	0	1,50741	0,01
7700	0,144528	0,0289988	0,0336436	0,379703	1,2599	0	1,50741	0,01
7800	0,144528	0,0289988	0,0336436	0,379703	1,2599	0	1,50741	0,01
7900	0,144528	0,0289988	0,0336436	0,379703	1,2599	0	1,50741	0,01
8000	0,144528	0,0289988	0,0336436	0,379703	1,2599	0	1,50741	0,01
8100	0,144528	0,0289987	0,0336436	0,379703	1,2599	0	1,50741	0,01
8200	0,144528	0,0289987	0,0336436	0,379703	1,2599	0	1,50741	0,01
8300	0,144528	0,0289987	0,0336436	0,379703	1,2599	0	1,50741	0,01
8400	0,144528	0,0289987	0,0336436	0,379703	1,2599	0	1,50741	0,01
8500	0,144528	0,0289987	0,0336436	0,379703	1,2599	0	1,50741	0,01
8600	0,144528	0,0289987	0,0336436	0,379703	1,2599	0	1,50741	0,01
8700	0,144528	0,0289987	0,0336436	0,379703	1,2599	0	1,50741	0,01
8800	0,144528	0,0289987	0,0336436	0,379703	1,2599	0	1,50741	0,01
8900	0,144528	0,0289987	0,0336436	0,379703	1,2599	0	1,50741	0,01
9000	0,144528	0,0289987	0,0336436	0,379703	1,2599	0	1,50741	0,01
9100	0,144528	0,0289987	0,0336436	0,379703	1,2599	0	1,50741	0,01
9200	0,144528	0,0289987	0,0336436	0,379703	1,2599	0	1,50741	0,01
9300	0,144528	0,0289987	0,0336436	0,379703	1,2599	0	1,50741	0,01
9400	0,144528	0,0289987	0,0336436	0,379703	1,2599	0	1,50741	0,01
9500	0,144528	0,0289987	0,0336436	0,379703	1,2599	0	1,50741	0,01
9600	0,144528	0,0289987	0,0336436	0,379703	1,2599	0	1,50741	0,01
9700	0,144528	0,0289987	0,0336436	0,379703	1,2599	0	1,50741	0,01
9800	0,144528	0,0289987	0,0336436	0,379703	1,2599	0	1,50741	0,01
9900	0,144528	0,0289987	0,0336436	0,379703	1,2599	0	1,50741	0,01
10000	0,144528	0,0289987	0,0336436	0,379703	1,2599	0	1,50741	0,01
10100	0,144528	0,0289987	0,0336436	0,379703	1,2599	0	1,50741	0,01
10200	0,144528	0,0289987	0,0336436	0,379703	1,2599	0	1,50741	0,01
10300	0,144528	0,0289987	0,0336436	0,379703	1,2599	0	1,50741	0,01
10400	0,144528	0,0289987	0,0336436	0,379703	1,2599	0	1,50741	0,01
10500	0,144528	0,0289987	0,0336436	0,379703	1,2599	0	1,50741	0,01
10600	0,144528	0,0289987	0,0336436	0,379703	1,2599	0	1,50741	0,01
10700	0,144528	0,0289987	0,0336436	0,379703	1,2599	0	1,50741	0,01
10800	0,144528	0,0289987	0,0336436	0,379703	1,2599	0	1,50741	0,01
10900	0,144528	0,0289987	0,0336436	0,379703	1,2599	0	1,50741	0,01
11000	0,144528	0,0289987	0,0336436	0,379703	1,2599	0	1,50741	0,01
11100	0,144528	0,0289987	0,0336436	0,379703	1,2599	0	1,50741	0,01
11200	0,144528	0,0289987	0,0336436	0,379703	1,2599	0	1,50741	0,01
11300	0,144528	0,0289987	0,0336436	0,379703	1,2599	0	1,50741	0,01
11400	0,144528	0,0289987	0,0336436	0,379703	1,2599	0	1,50741	0,01
11500	0,144528	0,0289987	0,0336436	0,379703	1,2599	0	1,50741	0,01
11600	0,144528	0,0289987	0,0336436	0,379703	1,2599	0	1,50741	0,01
11700	0,144528	0,0289987	0,0336436	0,379703	1,2599	0	1,50741	0,01
11800	0,144528	0,0289987	0,0336436	0,379703	1,2599	0	1,50741	0,01
11900	0,144528	0,0289987	0,0336436	0,379703	1,2599	0	1,50741	0,01
12000	0,144528	0,0289987	0,0336436	0,379703	1,2599	0	1,50741	0,01
12100	0,144528	0,0289987	0,0336436	0,379703	1,2599	0	1,50741	0,01
12200	0,144528	0,0289987	0,0336436	0,379703	1,2599	0	1,50741	0,01
12300	0,144528	0,0289987	0,0336436	0,379703	1,2599	0	1,50741	0,01
12400	0,144528	0,0289987	0,0336436	0,379703	1,2599	0	1,50741	0,01
12500	0,144528	0,0289987	0,0336436	0,379703	1,2599	0	1,50741	0,01
12600	0,144528	0,0289987	0,0336436	0,379703	1,2599	0	1,50741	0,01
12700	0,144528	0,0289987	0,0336436	0,379703	1,2599	0	1,50741	0,01
12800	0,144528	0,0289987	0,0336436	0,379703	1,2599	0	1,50741	0,01
12900	0,144528	0,0289987	0,0336436	0,379703	1,2599	0	1,50741	0,01
13000	0,144528	0,0289987	0,0336436	0,379703	1,2599	0	1,50741	0,01
13100	0,144528	0,0289987	0,0336436	0,379703	1,2599	0	1,50741	0,01
13200	0,144528	0,0289987	0,0336436	0,379703	1,2599	0	1,50741	0,01
13300	0,144528	0,0289987	0,0336436	0,379703	1,2599	0	1,50741	0,01
13400	0,144528	0,0289987	0,0336436	0,379703	1,2599	0	1,50741	0,01
13500	0,144528	0,0289987	0,0336436	0,379703	1,2599	0	1,50741	0,01
13600	0,144528	0,0289987	0,0336436	0,379703	1,2599	0	1,50741	0,01
13700	0,144528	0,0289987	0,0336436	0,379703	1,2599	0	1,50741	0,01
13800	0,144528	0,0289987	0,0336436	0,379703	1,2599	0	1,50741	0,01
13900	0,144528	0,0289987	0,0336436	0,379703	1,2599	0	1,50741	0,01
14000	0,144528	0,0289987	0,0336436	0,379703	1,2599	0	1,50741	0,01
14100	0,144528	0,0289987	0,0336436	0,379703	1,2599	0	1,50741	0,01
14200	0,144528	0,0289987	0,0336436	0,379703	1,2599	0	1,50741	0,01
14300	0,144528	0,0289987	0,0336436	0,379703	1,2599	0	1,50741	0,01
14400	0,144528	0,0289987	0,0336436	0,379703	1,2599	0	1,50741	0,01
14500	0,144528	0,0289987	0,0336436	0,379703	1,2599	0	1,50741	0,01
14600	0,144528	0,0289987	0,0336436	0,379703	1,2599	0	1,50741	0,01
14700	0,144528	0,0289987	0,0336436	0,379703	1,2599	0	1,50741	0,01
14800	0,144528	0,0289987	0,0336436	0,379703	1,2599	0	1,50741	0,01
14900	0,144528	0,0289987	0,0336436	0,379703	1,2599	0	1,50741	0,01
15000	0,144528	0,0289987	0,0336436	0,379703	1,2599	0	1,50741	0,01
15100	0,144528	0,0289987	0,0336436	0,379703	1,2599	0	1,50741	0,01
15200	0,144528	0,0289987	0,0336436	0,379703	1,2599	0	1,50741	0,01
15300	0,144528	0,0289987	0,0336436	0,379703	1,2599	0	1,50741	0,01
15400	0,144528	0,0289987	0,0336436	0,379703	1,2599	0	1,50741	0,01
15500	0,144528	0,0289987	0,0336436	0,379703	1,2599	0	1,50741	0,01
15600	0,144528	0,0289987	0,0336436	0,379703	1,2599	0	1,50741	0,01
15700	0,144528	0,0289987	0,0336436	0,379703	1,2599	0	1,50741	0,01
15800	0,144528	0,0289987	0,0336436	0,379703	1,2599	0	1,50741	0,01
15900	0,144528	0,0289987	0,0336436	0,379703	1,2599	0	1,50741	0,01
16000	0,144528	0,0289987	0,0336436	0,379703	1,2599	0	1,50741	0,01
16100	0,144528	0,0289987	0,0336436	0,379703	1,2599	0	1,50741	0,01
16200	0,144528	0,0289987	0,0336436	0,379703	1,2599	0	1,50741	0,01
16300	0,144528	0,0289987	0,0336436	0,379703	1,2599	0	1,50741	0,01
16400	0,144528	0,0289987	0,0336436	0,379703	1,2599	0	1,50741	0,01
16500	0,144528	0,0289987	0,0336436	0,379703	1,2599	0	1,50741	0,01
16600	0,144528	0,0289987	0,0336436	0,379703	1,2599	0	1,50741	0,01
16700	0,144528	0,0289987	0,0336436	0,379703	1,2599	0	1,50741	0,01
16800	0,144528	0,0289987	0,0336436	0,379703	1,2599	0	1,50741	0,01
16900	0,144528	0,0289987	0,0336436	0,379703	1,2599	0	1,50741	0,01
17000	0,144528	0,0289987	0,0336436	0,379703	1,2599	0	1,50741	0,01
17100	0,144528	0,0289987	0,0336436	0,379703	1,2599	0	1,50741	0,01
17200	0,144528	0,0289987	0,0336436	0,379703	1,2599	0	1,50741	0,01
17300	0,144528	0,0289987	0,0336436	0,379703	1,2599	0	1,50741	0,01
17400	0,144528	0,0289987	0,0336436	0,379703	1,2599	0	1,50741	0,01
17500	0,144528	0,0289987	0,0336436	0,379703	1,2599	0	1,50741	0,01
17600	0,144528	0,0289987	0,0336436	0,379703	1,2599	0	1,50741	0,01
17700	0,144528	0,0289987	0,0336436	0,379703	1,2599	0	1,50741	0,01
17800	0,144528	0,0289987	0,0336436	0,379703	1,2599	0	1,50741	0,01
17900	0,144528	0,0289987	0,0336436	0,379703	1,2599	0	1,50741	0,01
18000	0,144528	0,0289987	0,0336436	0,379703	1,2599	0	1,50741	0,01
18100	0,144528	0,0289987	0,0336436	0,379703	1,2599	0	1,50741	0,01
18200	0,144528	0,0289987	0,0336436	0,379703	1,2599	0	1,50741	0,01
18300	0,144528	0,0289987	0,0336436	0,379703	1,2599	0	1,50741	0,01
18400	0,144528	0,0289987	0,0336436	0,379703	1,2599	0	1,50741	0,01
18500	0,144528	0,0289987	0,0336436	0,379703	1,2599	0	1,50741	0,01
18600	0,144528	0,0289987	0,0336436	0,379703	1,2599	0	1,50741	0,01
18700	0,144528	0,0289987	0,0336436	0,379703	1,2599	0	1,50741	0,01
18800	0,144528	0,0289987	0,0336436	0,379703	1,2599	0	1,50741	0,01
18900	0,144528	0,0289987	0,0336436	0,379703	1,2599	0	1,50741	0,01
19000	0,144528	0,0289987	0,0336436	0,379703	1,2599	0	1,50741	0,01
19100	0,144528	0,0289987	0,0336436	0,379703	1,2599	0	1,50741	0,01
19200	0,144528	0,0289987	0,0336436	0,379703	1,2599	0	1,50741	0,01
19300	0,144528	0,0289987	0,0336436	0,379703	1,2599	0	1,50741	0,01
19400	0,144528	0,0289987	0,0336436	0,379703	1,2599	0	1,50741	0,01
19500	0,144528	0,0289987	0,0336436	0,379703	1,2599	0	1,50741	0,01
19600	0,144528	0,0289987	0,0336436	0,379703	1,2599	0	1,50741	0,01
19700	0,144528	0,0289987	0,0336436	0,379703	1,2599	0	1,50741	0,01
19800	0,144528	0,0289987	0,0336436	0,379703	1,2599	0	1,50741	0,01
19900	0,144528	0,0289987	0,0336436	0,379703	1,2599	0	1,50741	0,01
20000	0,144528	0,0289987	0,0336436	0,379703	1,2599	0	1,50741	0,01
20100	0,144528	0,0289987	0,0336436	0,379703	1,2599	0	1,50741	0,01
20200	0,144528	0,0289987	0,0336436	0,379703	1,2599	0	1,50741	0,01
20300	0,144528	0,0289987	0,0336436	0,379703	1,2599	0	1,50741	0,01
20400	0,144528	0,0289987	0,0336436	0,379703	1,2599	0	1,50741	0,01
20500	0,144528	0,0289987	0,0336436	0,379703	1,2599	0	1,50741	0,01
20600	0,144528	0,0289987	0,0336436	0,379703	1,2599	0	1,50741	0,01
20700	0,144528	0,0289987	0,0336436	0,379703	1,2599	0	1,50741	0,01
20800	0,144528	0,0289987	0,0336436	0,379703	1,2599	0	1,50741	0,01
20900	0,144528	0,0289987	0,0336436	0,379703	1,2599	0	1,50741	0,01
21000	0,144528	0,0289987	0,0336436	0,379703	1,2599	0	1,50741	0,01
21100	0,144528	0,0289987	0,0336436	0,379703	1,2599	0	1,50741	0,01
21200	0,144528	0,0289987	0,0336436	0,379703	1,2599	0	1,50741	0,01
21300	0,144528	0,0289987	0,0336436	0,379703	1,2599	0	1,50741	0,01
21400	0,144528	0,0289987	0,0336436	0,379703	1,2599	0	1,50741	0,01
21500	0,144528	0,0289987	0,0336436	0,379703	1,2599	0	1,50741	0,01
21600	0,144528	0,0289987	0,0336436	0,379703	1,2599	0	1,50741	0,01
21700	0,144528	0,0289987	0,0336436	0,379703	1,2599	0	1,50741	0,01
21800	0,144528	0,0289987	0,0336436	0,379703	1,2599	0	1,50741	0,01
21900	0,144528	0,0289987	0,0336436	0,379703	1,2599	0	1,50741	0,01
22000	0,144528	0,0289987	0,0336436	0,379703	1,2599	0	1,50741	0,01
22100	0,144528	0,0289987	0,0336436	0,379703	1,2599	0	1,50741	0,01
22200	0,144528	0,0289987	0,0336436	0,379703	1,2599	0	1,50741	0,01
22300	0,144528	0,0289987	0,0336436	0,379703	1,2599	0	1,50741	0,01
22400	0,144528	0,0289987	0,0336436	0,379703	1,2599	0	1,50741	0,01
22500	0,144528	0,0289987	0,0336436	0,379703	1,2599	0	1,50741	0,01
22600	0,144528	0,0289987	0,0336436	0,379703	1,2599	0	1,50741	0,01
22700	0,144528	0,0289987	0,0336436	0,379703	1,2599	0	1,50741	0,01
22800	0,144528	0,0289987	0,0336436	0,379703	1,2599	0	1,50741	0,01
22900	0,144528	0,0289987	0,0336436	0,379703	1,2599	0	1,50741	0,01
23000	0,144528	0,0289987	0,0336436	0,379703	1,2599	0	1,50741	0,01
23100	0,144528	0,0289987	0,0336436	0,379703	1,2599	0	1,50741	0,01
23200	0,144528	0,0289987	0,0336436	0,379703	1,2599	0	1,50741	0,01
23300	0,144528	0,0289987	0,0336436	0,379703	1,2599	0	1,50741	0,01
23400	0,144528	0,0289987	0,0336436	0,379703	1,2599	0	1,50741	0,01
23500	0,144528	0,0289987	0,0336436	0,379703	1,2599	0	1,50741	0,01
23600	0,144528	0,0289987	0,0336436	0,379703	1,2599	0	1,50741	0,01
23700	0,144528	0,0289987	0,0336436	0,379703	1,2599	0	1,50741	0,01
23800	0,144528	0,0289987	0,0336436	0,379703	1,2599	0	1,50741	0,01
23900	0,144528	0,0289987	0,0336436	0,379703	1,2599	0	1,50741	0,01
24000	0,144528	0,0289987	0,0336436	0,379703	1,2599	0	1,50741	0,01
24100	0,144528	0,0289987	0,0336436	0,379703	1,2599	0	1,50741	0,01
24200	0,144528	0,0289987	0,0336436	0,379703	1,2599	0	1,50741	0,01
24300	0,144528	0,0289987	0,0336436	0,379703	1,2599	0	1,50741	0,01
24400	0,144528	0,0289987	0,0336436	0,379703	1,2599	0	1,50741	0,01
24500	0,144528	0,0289987	0,0336436	0,379703	1,2599	0	1,50741	0,01
24600	0,144528	0,0289987	0,0336436	0,379703	1,2599	0	1,50741	0,01
24700	0,144528	0,0289987	0,0336436	0,379703	1,2599	0	1,50741	0,01
24800	0,144528	0,0289987	0,0336436	0,379703	1,2599	0	1,50741	0,01
24900	0,144528	0,0289987	0,0336436	0,379703	1,2599	0	1,50741	0,01
25000	0,144528	0,0289987	0,0336436	0,379703	1,2599	0	1,50741	0,01
25100	0,144528	0,0289987	0,0336436	0,379703	1,2599	0	1,50741	0,01
25200	0,144528	0,0289987	0,0336436	0,379703	1,2599	0	1,50741	0,01
25300	0,144528	0,0289987	0,0336436	0,379703	1,2599	0	1,50741	0,01
25400	0,144528	0,0289987	0,0336436	0,379703	1,2599	0	1,50741	0,01
25500	0,144528	0,0289987	0,0336436	0,379703	1,2599	0	1,50741	0,01
25600	0,144528	0,0289987	0,0336436	0,379703	1,2599	0	1,50741	0,01
25700	0,144528	0,0289987	0,0336436	0,379703	1,2599	0	1,50741	0,01
25800	0,144528	0,0289987	0,0336436	0,379703	1,2599	0	1,50741	0,01
25900	0,144528	0,0289987	0,0336436	0,379703	1,2599	0	1,50741	0,01
26000	0,144528	0,0289987	0,0336436	0,379703	1,2599	0	1,50741	0,01
26100	0,144528	0,0289987	0,0336436	0,379703	1,2599	0	1,50741	0,01
26200	0,144528	0,0289987	0,0336436	0,379703	1,2599	0	1,50741	0,01
26300	0,144528	0,0289987	0,0336436	0,379703	1,2599	0	1,50741	0,01
26400	0,144528	0,0289987	0,0336436	0,379703	1,2599	0	1,50741	0,01
26500	0,144528	0,0289987	0,0336436	0,379703	1,2599	0	1,50741	0,01
26600	0,144528	0,0289987	0,0336436	0,379703	1,2599	0	1,50741	0,01
26700	0,144528	0,0289987	0,0336436	0,379703	1,2599	0	1,50741	0,01
26800	0,144528	0,0289987	0,0336436	0,379703	1,2599	0	1,50741	0,01
26900	0,144528	0,0289987	0,0336436	0,379703	1,2599	0	1,50741	0,01
27000	0,144528	0,0289987	0,0336436	0,379703	1,2599	0	1,50741	0,01
27100	0,144528	0,0289987	0,0336436	0,379703	1,2599	0	1,50741	0,01
27200	0,144528	0,0289987	0,0336436	0,379703	1,2599	0	1,50741	0,01
27300	0,144528	0,0289987	0,0336436	0,379703	1,2599	0	1,50741	0,01
27400	0,144528	0,0289987	0,0336436	0,379703	1,2599	0	1,50741	0,01
27500	0,144528	0,0289987	0,0336436	0,379703	1,2599	0	1,50741	0,01
27600	0,144528	0,0289987	0,0336436	0,379703	1,2599	0	1,50741	0,01
27700	0,144528	0,0289987	0,0336436	0,379703	1,2599	0	1,50741	0,01
27800	0,144528	0,0289987	0,0336436	0,379703	1,2599	0	1,50741	0,01
27900	0,144528	0,0289987	0,0336436	0,379703	1,2599	0	1,50741	0,01
28000	0,144528	0,0289987	0,0336436	0,379703	1,2599	0	1,50741	0,01
28100	0,144528	0,0289987	0,0336436	0,379703	1,2599	0	1,50741	0,01
28200	0,144528	0,0289987	0,0336436	0,379703	1,2599	0	1,50741	0,01
28300	0,144528	0,0289987	0,0336436	0,379703	1,2599	0	1,50741	0,01
28400	0,144528	0,0289987	0,0336436	0,379703	1,2599	0	1,50741	0,01
28500	0,144528	0,0289987	0,0336436	0,379703	1,2599	0	1,50741	0,01
28600	0,144528	0,0289987	0,0336436	0,379703	1,2599	0	1,50741	0,01
28700	0,144528	0,0289987	0,0336436	0,379703	1,2599	0	1,50741	0,01
28800	0,144528	0,0289987	0,0336436	0,379703	1,2599	0	1,50741	0,01
28900	0,144528	0,0289987	0,0336436	0,379703	1,2599	0	1,50741	0,01
29000	0,144528	0,0289987	0,0336436	0,379703	1,2599	0	1,50741	0,01
29100	0,144528	0,0289987	0,0336436	0,379703	1,2599	0	1,50741	0,01
29200	0,144528	0,0289987	0,0336436	0,379703	1,2599	0	1,50741	0,01
29300	0,144528	0,0289987	0,0336436	0,379703	1,2599	0	1,50741	0,01
29400	0,144528	0,0289987	0,0336436	0,379703	1,2599	0	1,50741	0,01
29500	0,144528	0,0289987	0,0336436	0,379703	1,2599	0	1,50741	0,01
29600	0,144528	0,0289987	0,0336436	0,379703	1,2599	0	1,50741	0,01
29700	0,144528	0,0289987	0,0336436	0,379703	1,2599	0	1,50741	0,01
29800	0,144528	0,0289987	0,0336436	0,379703	1,2599	0	1,50741	0,01
29900	0,144528	0,0289987	0,0336436	0,379703	1,2599	0	1,50741	0,01
30000	0,144528	0,0289987	0,0336436	0,379703	1,2599	0	1,50741	0,01
30100	0,144528	0,0289987	0,0336436	0,379703	1,2599	0	1,50741	0,01
30200	0,144528	0,0289987	0,0336436	0,379703	1,2599	0	1,50741	0,01
30300	0,144528	0,0289987	0,0336436	0,379703	1,2599	0	1,50741	0,01
30400	0,144528	0,0289987	0,0336436	0,379703	1,2599	0	1,50741	0,01
30500	0,144528	0,0289987	0,0336436	0,379703	1,2599	0	1,50741	0,01
30600	0,144528	0,0289987	0,0336436	0,379703	1,2599	0	1,50741	0,01
30700	0,144528	0,0289987	0,0336436	0,379703	1,2599	0	1,50741	0,01
30800	0,144528	0,0289987	0,0336436	0,379703	1,2599	0	1,50741	0,01
30900	0,144528	0,0289987	0,0336436	0,379703	1,2599	0	1,50741	0,01
31000	0,144528	0,0289987	0,0336436	0,379703	1,2599	0	1,50741	0,01
31100	0,144528	0,0289987	0,0336436	0,379703	1,2599	0	1,50741	0,01
31200	0,144528	0,0289987	0,0336436	0,379703	1,2599	0	1,50741	0,01
31300	0,144528	0,0289987	0,0336436	0,379703	1,2599	0	1,50741	0,01
31400	0,144528	0,0289987	0,0336436	0,379703	1,2599	0	1,50741	0,01
31500	0,144528	0,0289987	0,0336436	0,379703	1,2599	0	1,50741	0,01
31600	0,144528	0,0289987	0,0336436	0,379703	1,2599	0	1,50741	0,01
31700	0,144528	0,0289987	0,0336436	0,379703	1,2599	0	1,50741	0,01
31800	0,144528	0,0289987	0,0336436	0,379703	1,2599	0	1,50741	0,01
31900	0,144528	0,0289987	0,0336436	0,379703	1,2599	0	1,50741	0,01
32000	0,144528	0,0289987	0,0336436	0,379703	1,2599	0	1,50741	0,01
32100	0,144528	0,0289987	0,0336436	0,379703	1,2599	0	1,50741	0,01
32200	0,144528	0,0289987	0,0336436	0,379703	1,2599	0	1,50741	0,01
32300	0,144528	0,0289987	0,0336436	0,379703	1,2599	0	1,50741	0,01
32400	0,144528	0,0289987	0,0336436	0,379703	1,2599	0	1,50741	0,01
32500	0,144528	0,0289987	0,0336436	0,379703	1,2599	0	1,50741	0,01
32600	0,144528	0,0289987	0,0336436	0,379703	1,2599	0	1,50741	0,01
32700	0,144528	0,0289987	0,0336436	0,379703	1,2599	0	1,50741	0,01
32800	0,144528	0,0289987	0,0336436	0,379703	1,2599	0	1,50741	0,01
32900	0,144528	0,0289987	0,0336436	0,379703	1,2599	0	1,50741	0,01
33000	0,144528	0,0289987	0,0336436	0,379703	1,2599	0	1,50741	0,01
33100	0,144528	0,0289987	0,0336436	0,379703	1,2599	0	1,50741	0,01
33200	0,144528	0,0289987	0,0336436	0,379703	1,2599	0	1,50741	0,01
33300	0,144528	0,0289987	0,0336436	0,379703	1,2599	0	1,50741	0,01
33400	0,144528	0,0289987	0,0336436	0,379703	1,2599	0	1,50741	0,01
33500	0,144528	0,0289987	0,0336436	0,379703	1,2599	0	1,50741	0,01
33600	0,144528	0,0289987	0,0336436	0,379703	1,2599	0	1,50741	0,01
33700	0,144528	0,0289987	0,0336436	0,379703	1,2599	0	1,50741	0,01
33800	0,144528	0,0289987	0,0336436	0,379703	1,2599	0	1,50741	0,01
33900	0,144528	0,0289987	0,0336436	0,379703	1,2599	0	1,50741	0,01
34000	0,144528	0,0289987	0,0336436	0,379703	1,2599	0	1,50741	0,01
34100	0,144528	0,0289987	0,0336436	0,379703	1,2599	0	1,50741	0,01
34200	0,144528	0,0289987	0,0336436	0,379703	1,2599	0	1,50741	0,01
34300	0,144528	0,0289987	0,0336436	0,379703	1,2599	0	1,50741	0,01
34400	0,144528	0,0289987	0,0336436	0,379703	1,2599	0	1,50741	0,01
34500	0,144528	0,0289987	0,0336436	0,379703	1,2599	0	1,50741	0,01
34600	0,144528	0,0289987	0,0336436	0,379703	1,2599	0	1,50741	0,01
34700	0,144528	0,0289987	0,0336436	0,379703	1,2599	0	1,50741	0,01
34800	0,144528	0,0289987	0,0336436	0,379703	1,2599	0	1,50741	0,01
34900	0,144528	0,0289987	0,0336436	0,379703	1,2599	0	1,50741	0,01
35000	0,144528	0,0289987	0,0336436	0,379703	1,2599	0	1,50741	0,01
35100	0,144528	0,0289987	0,0336436	0,379703	1,2599	0	1,50741	0,01
35200	0,144528	0,0289987	0,0336436	0,379703	1,2599	0	1,50741	0,01
35300	0,144528	0,0289987	0,0336436	0,379703	1,2599	0	1,50741	0,01
35400	0,144528	0,0289987	0,0336436	0,379703	1,2599	0	1,50741	0,01
35500	0,144528	0,0289987	0,0336436	0,379703	1,2599	0	1,50741	0,01
35600	0,144528	0,0289987	0,0336436	0,379703	1,2599	0	1,50741	0,01
35700	0,144528	0,0289987	0,0336436	0,379703	1,2599	0	1,50741	0,01
35800	0,144528	0,0289987	0,0336436	0,379703	1,2599	0	1,50741	0,01
35900	0,144528	0,0289987	0,0336436	0,379703	1,2599	0	1,50741	0,01
36000	0,144528	0,0289987	0,0336436	0,379703	1,2599	0	1,50741	0,01
36100	0,144528	0,0289987	0,0336436	0,379703	1,2599	0	1,50741	0,01
36200	0,144528	0,0289987	0,0336436	0,379703	1,2599	0	1,50741	0,01
36300	0,144528	0,0289987	0,0336436	0,379703	1,2599	0	1,50741	0,01
36400	0,144528	0,0289987	0,0336436	0,379703	1,2599	0	1,50741	0,01
36500	0,144528	0,0289987	0,0336436	0,379703	1,2599	0	1,50741	0,01
36600	0,144528	0,0289987	0,0336436	0,379703	1,2599	0	1,50741	0,01
36700	0,144528	0,0289987	0,0336436	0,379703	1,2599	0	1,50741	0,01
36800	0,144528	0,0289987	0,0336436	0,379703	1,2599	0	1,50741	0,01
36900	0,144528	0,0289987	0,0336436	0,379703	1,2599	0	1,50741	0,01
37000	0,144528	0,0289987	0,0336436	0,379703	1,2599	0	1,50741	0,01
37100	0,144528	0,0289987	0,0336436	0,379703	1,2599	0	1,50741	0,01
37200	0,144528	0,0289987	0,0336436	0,379703	1,2599	0	1,50741	0,01
37300	0,144528	0,0289987	0,0336436	0,379703	1,2599	0	1,50741	0,01
37400	0,144528	0,0289987	0,0336436	0,379703	1,2599	0	1,50741	0,01
37500	0,144528	0,0289987	0,0336436	0,379703	1,2599	0	1,50741	0,01
37600	0,144528	0,0289987	0,0336436	0,379703	1,2599	0	1,50741	0,01
37700	0,144528	0,0289987	0,0336436	0,379703	1,2599	0	1,50741	0,01
37800	0,144528	0,0289987	0,0336436	0,379703	1,2599	0	1,50741	0,01
37900	0,144528	0,0289987	0,0336436	0,379703	1,2599	0	1,50741	0,01
38000	0,144528	0,0289987	0,0336436	0,379703	1,2599	0	1,50741	0,01
38100	0,144528	0,0289987	0,0336436	0,379703	1,2599	0	1,50741	0,01
38200	0,144528	0,0289987	0,0336436	0,379703	1,2599	0	1,50741	0,01
38300	0,144528	0,0289987	0,0336436	0,379703	1,2599	0	1,50741	0,01
38400	0,144528	0,0289987	0,0336436	0,379703	1,2599	0	1,50741	0,01
38500	0,144528	0,0289987	0,0336436	0,379703	1,2599	0	1,50741	0,01
38600	0,144528	0,0289987	0,0336436	0,379703	1,2599	0	1,50741	0,01
38700	0,144528	0,0289987	0,0336436	0,379703	1,2599	0	1,50741	0,01
38800	0,144528	0,0289987	0,0336436	0,379703	1,2599	0	1,50741	0,01
38900	0,144528	0,0289987	0,0336436	0,379703	1,2599	0	1,50741	0,01
39000	0,144528	0,0289987	0,0336436	0,379703	1,2599	0	1,50741	0,01
39100	0,144528	0,0289987	0,0336436	0,379703	1,2599	0	1,50741	0,01
39200	0,144528	0,0289987	0,0336436	0,379703	1,2599	0	1,50741	0,01
39300	0,144528	0,0289987	0,0336436	0,379703	1,2599	0	1,50741	0,01
39400	0,144528	0,0289987	0,0336436	0,379703	1,2599	0	1,50741	0,01
39500	0,144528	0,0289987	0,0336436	0,379703	1,2599	0	1,50741	0,01
39600	0,144528	0,0289987	0,0336436	0,379703	1,2599	0	1,50741	0,01
39700	0,144528	0,0289987	0,0336436	0,379703	1,2599	0	1,50741	0,01
39800	0,144528	0,0289987	0,0336436	0,379703	1,2599	0	1,50741	0,01
39900	0,144528	0,0289987	0,0336436	0,379703	1,2599	0	1,50741	0,01
40000	0,144528	0,0289987	0,0336436	0,379703	1,2599	0	1,50741	0,01
40100	0,144528	0,0289987	0,0336436	0,379703	1,2599	0	1,50741	0,01
40200	0,144528	0,0289987	0,0336436	0,379703	1,2599	0	1,50741	0,01
40300	0,144528	0,0289987	0,0336436	0,379703	1,2599	0	1,50741	0,01
40400	0,144528	0,0289987	0,0336436	0,379703	1,2599	0	1,50741	0,01
40500	0,144528	0,0289987	0,0336436	0,379703	1,2599	0	1,50741	0,01
40600	0,144528	0,0289987	0,0336436	0,379703	1,2599	0	1,50741	0,01
40700	0,144528	0,0289987	0,0336436	0,379703	1,2599	0	1,50741	0,01
40800	0,144528	0,0289987	0,0336436	0,379703	1,2599	0	1,50741	0,01
40900	0,144528	0,0289987	0,0336436	0,379703	1,2599	0	1,50741	0,01
41000	0,144528	0,0289987	0,0336436	0,379703	1,2599	0	1,50741	0,01
41100	0,144528	0,0289987	0,0336436	0,379703	1,2599	0	1,50741	0,01
41200	0,144528	0,0289987	0,0336436	0,379703	1,2599	0	1,50741	0,01
41300	0,144528	0,0289987	0,0336436	0,379703	1,2599	0	1,50741	0,01
41400	0,144528	0,0289987	0,0336436	0,379703	1,2599	0	1,50741	0,01
41500	0,144528	0,0289987	0,0336436	0,379703	1,2599	0	1,50741	0,01
41600	0,144528	0,0289987	0,0336436	0,379703	1,2599	0	1,50741	0,01
41700	0,144528	0,0289987	0,0336436	0,379703	1,2599	0	1,50741	0,01
41800	0,144528	0,0289987	0,0336436	0,379703	1,2599	0	1,50741	0,01
41900	0,144528	0,0289987	0,0336436	0,379703	1,2599	0	1,50741	0,01
42000	0,144528	0,0289987	0,0336436	0,379703	1,2599	0	1,50741	0,01
42100	0,144528	0,0289987	0,0336436	0,379703	1,2599	0	1,50741	0,01
42200	0,144528	0,0289987	0,0336436	0,379703	1,2599	0	1,50741	0,01
42300	0,144528	0,0289987	0,0336436	0,379703	1,2599	0	1,50741	0,01
42400	0,144528	0,0289987	0,0336436	0,379703	1,2599	0	1,50741	0,01
42500	0,144528	0,0289987	0,0336436	0,379703	1,2599	0	1,50741	0,01
42600	0,144528	0,0289987	0,0336436	0,379703	1,2599	0	1,50741	0,01
42700	0,144528	0,0289987	0,0336436	0,379703	1,2599	0	1,50741	0,01
42800	0,144528	0,0289987	0,0336436	0,379703	1,2599	0	1,50741	0,01
42900	0,144528	0,0289987	0,0336436	0,379703	1,2599	0	1,50741	0,01
43000	0,144528	0,0289987	0,0336436	0,379703	1,2599	0	1,50741	0,01
43100	0,144528	0,0289987	0,0336436	0,379703	1,2599	0	1,50741	0,01
43200	0,144528	0,0289987	0,0336436	0,379703	1,2599	0	1,50741	0,01
43300	0,144528	0,0289987	0,0336436	0,379703	1,2599	0	1,50741	0,01
43400	0,144528	0,0289987	0,0336436	0,379703	1,2599	0	1,50741	0,01
43500	0,144528	0,0289987	0,0336436	0,379703	1,2599	0	1,50741	0,01
43600	0,144528	0,0289987	0,0336436	0,379703	1,2599	0	1,50741	0,01
43700	0,144528	0,0289987	0,0336436	0,379703	1,2599	0	1,50741	0,01
43800	0,144528	0,0289987	0,0336436	0,379703	1,2599	0	1,50741	0,01
43900	0,144528	0,0289987	0,0336436	0,379703	1,2599	0	1,50741	0,01
44000	0,144528	0,0289987	0,0336436	0,379703	1,2599	0	1,50741	0,01
44100	0,144528	0,0289987	0,0336436	0,379703	1,2599	0	1,50741	0,01
44200	0,144528	0,0289987	0,0336436	0,379703	1,2599	0	1,50741	0,01
44300	0,144528	0,0289987	0,0336436	0,379703	1,2599	0	1,50741	0,01
44400	0,144528	0,0289987	0,0336436	0,379703	1,2599	0	1,50741	0,01
44500	0,144528	0,0289987	0,0336436	0,379703	1,2599	0	1,50741	0,01
44600	0,144528	0,0289987	0,0336436	0,379703	1,2599	0	1,50741	0,01
44700	0,144528	0,0289987	0,0336436	0,379703	1,2599	0	1,50741	0,01
44800	0,144528	0,0289987	0,0336436	0,379703	1,2599	0	1,50741	0,01
44900	0,144528	0,0289987	0,0336436	0,379703	1,2599	0	1,50741	0,01
45000	0,144528	0,0289987	0,0336436	0,379703	1,2599	0	1,50741	0,01
45100	0,144528	0,0289987	0,0336436	0,379703	1,2599	0	1,50741	0,01
45200	0,144528	0,0289987	0,0336436	0,379703	1,2599	0	1,50741	0,01
45300	0,144528	0,0289987	0,0336436	0,379703	1,2599	0	1,50741	0,01
45400	0,144528	0,0289987	0,0336436	0,379703	1,2599	0	1,50741	0,01
45500	0,144528	0,0289987	0,0336436	0,379703	1,2599	0	1,50741	0,01
45600	0,144528	0,0289987	0,0336436	0,379703	1,2599	0	1,50741	0,01
45700	0,144528	0,0289987	0,0336436	0,379703	1,2599	0	1,50741	0,01
45800	0,144528	0,0289987	0,0336436	0,379703	1,2599	0	1,50741	0,01
45900	0,144528	0,0289987	0,0336436	0,379703	1,2599	0	1,50741	0,01
46000	0,144528	0,0289987	0,0336436	0,379703	1,2599	0	1,50741	0,01
46100	0,144528	0,0289987	0,0336436	0,379703	1,2599	0	1,50741	0,01
46200	0,144528	0,0289987	0,0336436	0,379703	1,2599	0	1,50741	0,01
46300	0,144528	0,0289987	0,0336436	0,379703	1,2599	0	1,50741	0,01
46400	0,144528	0,0289987	0,0336436	0,379703	1,2599	0	1,50741	0,01
46500	0,144528	0,0289987	0,0336436	0,379703	1,2599	0	1,50741	0,01
46600	0,144528	0,0289987	0,0336436	0,379703	1,2599	0	1,50741	0,01
46700	0,144528	0,0289987	0,0336436	0,379703	1,2599	0	1,50741	0,01
46800	0,144528	0,0289987	0,0336436	0,379703	1,2599	0	1,50741	0,01
46900	0,144528	0,0289987	0,0336436	0,379703	1,2599	0	1,50741	0,01
47000	0,144528	0,0289987	0,0336436	0,379703	1,2599	0	1,50741	0,01
47100	0,144528	0,0289987	0,0336436	0,379703	1,2599	0	1,50741	0,01
47200	0,144528	0,0289987	0,0336436	0,379703	1,2599	0	1,50741	0,01
47300	0,144528	0,0289987	0,0336436	0,379703	1,2599	0	1,50741	0,01
47400	0,144528	0,0289987	0,0336436	0,379703	1,2599	0	1,50741	0,01
47500	0,144528	0,0289987	0,0336436	0,379703	1,2599	0	1,50741	0,01
47600	0,144528	0,0289987	0,0336436	0,379703	1,2599	0	1,50741	0,01
47700	0,144528	0,0289987	0,0336436	0,379703	1,2599	0	1,50741	0,01
47800	0,144528	0,0289987	0,0336436	0,379703	1,2599	0	1,50741	0,01
47900	0,144528	0,0289987	0,0336436	0,379703	1,2599	0	1,50741	0,01
48000	0,144528	0,0289987	0,0336436	0,379703	1,2599	0	1,50741	0,01
48100	0,144528	0,0289987	0,0336436	0,379703	1,2599	0	1,50741	0,01
48200	0,144528	0,0289987	0,0336436	0,379703	1,2599	0	1,50741	0,01
48300	0,144528	0,0289987	0,0336436	0,379703	1,2599	0	1,50741	0,01
48400	0,144528	0,0289987	0,0336436	0,379703	1,2599	0	1,50741	0,01
48500	0,144528	0,0289987	0,0336436	0,379703	1,2599	0	1,50741	0,01
48600	0,144528	0,0289987	0,0336436	0,379703	1,2599	0	1,50741	0,01
48700	0,144528	0,0289987	0,0336436	0,379703	1,2599	0	1,50741	0,01
48800	0,144528	0,0289987	0,0336436	0,379703	1,2599	0	1,50741	0,01
48900	0,144528	0,0289987	0,0336436	0,379703	1,2599	0	1,50741	0,01
49000	0,144528	0,0289987	0,0336436	0,379703	1,2599	0	1,50741	0,01
49100	0,144528	0,0289987	0,0336436	0,379703	1,2599	0	1,50741	0,01
49200	0,144528	0,0289987	0,0336436	0,379703	1,2599	0	1,50741	0,01
49300	0,144528	0,0289987	0,0336436	0,379703	1,2599	0	1,50741	0,01
49400	0,144528	0,0289987	0,0336436	0,379703	1,2599	0	1,50741	0,01
49500	0,144528	0,0289987	0,0336436	0,379703	1,2599	0	1,50741	0,01
49600	0,144528	0,0289987	0,0336436	0,379703	1,2599	0	1,50741	0,01
49700	0,144528	0,0289987	0,0336436	0,379703	1,2599	0	1,50741	0,01
49800	0,144528	0,0289987	0,0336436	0,379703	1,2599	0	1,50741	0,01
49900	0,144528	0,0289987	0,0336436	0,379703	1,2599	0	1,50741	0,01
50000	0,144528	0,0289987	0,0336436	0,379703	1,2599	0	1,50741	0,01
50100	0,144528	0,0289987	0,0336436	0,379703	1,2599	0	1,50741	0,01
50200	0,144528	0,0289987	0,0336436	0,379703	1,2599	0	1,50741	0,01
50300	0,144528	0,0289987	0,0336436	0,379703	1,2599	0	1,50741	0,01
50400	0,144528	0,0289987	0,0336436	0,379703	1,2599	0	1,50741	0,01
50500	0,144528	0,0289987	0,0336436	0,379703	1,2599	0	1,50741	0,01
50600	0,144528	0,0289987	0,0336436	0,379703	1,2599	0	1,50741	0,01
50700	0,144528	0,0289987	0,0336436	0,379703	1,2599	0	1,50741	0,01
50800	0,144528	0,0289987	0,0336436	0,379703	1,2599	0	1,50741	0,01
50900	0,144528	0,0289987	0,0336436	0,379703	1,2599	0	1,50741	0,01
51000	0,144528	0,0289987	0,0336436	0,379703	1,2599	0	1,50741	0,01
51100	0,144528	0,0289987	0,0336436	0,379703	1,2599	0	1,50741	0,01
51200	0,144528	0,0289987	0,0336436	0,379703	1,2599	0	1,50741	0,01
51300	0,144528	0,0289987	0,0336436	0,379703	1,2599	0	1,50741	0,01
51400	0,144528	0,0289987	0,0336436	0,379703	1,2599	0	1,50741	0,01
51500	0,144528	0,0289987	0,0336436	0,379703	1,2599	0	1,50741	0,01
51600	0,144528	0,0289987	0,0336436	0,379703	1,2599	0	1,50741	0,01
51700	0,144528	0,0289987	0,0336436	0,379703	1,2599	0	1,50741	0,01
51800	0,144528	0,0289987	0,0336436	0,379703	1,2599	0	1,50741	0,01
51900	0,144528	0,0289987	0,0336436	0,379703	1,2599	0	1,50741	0,01
52000	0,144528	0,0289987	0,0336436	0,379703	1,2599	0	1,50741	0,01
52100	0,144528	0,0289987	0,0336436	0,379703	1,2599	0	1,50741	0,01
52200	0,144528	0,0289987	0,0336436	0,379703	1,2599	0	1,50741	0,01
52300	0,144528	0,0289987	0,0336436	0,379703	1,2599	0	1,50741	0,01
52400	0,144528	0,0289987	0,0336436	0,379703	1,2599	0	1,50741	0,01
52500	0,144528	0,0289987	0,0336436	0,379703	1,2599	0	1,50741	0,01
52600	0,144528	0,0289987	0,0336436	0,379703	1,2599	0	1,50741	0,01
52700	0,144528	0,0289987	0,0336436	0,379703	1,2599	0	1,50741	0,01
52800	0,144528	0,0289987	0,0336436	0,379703	1,2599	0	1,50741	0,01
52900	0,144528	0,0289987	0,0336436	0,379703	1,2599	0	1,50741	0,01
53000	0,144528	0,0289987	0,0336436	0,379703	1,2599	0	1,50741	0,01
53100	0,144528	0,0289987	0,0336436	0,379703	1,2599	0	1,50741	0,01
53200	0,144528	0,0289987	0,0336436	0,379703	1,2599	0	1,50741	0,01
53300	0,144528	0,0289987	0,0336436	0,379703	1,2599	0	1,50741	0,01
53400	0,144528	0,0289987	0,0336436	0,379703	1,2599	0	1,50741	0,01
53500	0,144528	0,0289987	0,0336436	0,379703	1,2599	0	1,50741	0,01
53600	0,144528	0,0289987	0,0336436	0,379703	1,2599	0	1,50741	0,01
53700	0,144528	0,0289987	0,0336436	0,379703	1,2599	0	1,50741	0,01
53800	0,144528	0,0289987	0,0336436	0,379703	1,2599	0	1,50741	0,01
53900	0,144528	0,0289987	0,0336436	0,379703	1,2599	0	1,50741	0,01
54000	0,144528	0,0289987	0,0336436	0,379703	1,2599	0	1,50741	0,01
54100	0,144528	0,0289987	0,0336436	0,379703	1,2599	0	1,50741	0,01
54200	0,144528	0,0289987	0,0336436	0,379703	1,2599	0	1,50741	0,01
54300	0,144528	0,0289987	0,0336436	0,379703	1,2599	0	1,50741	0,01
54400	0,144528	0,0289987	0,0336436	0,379703	1,2599	0	1,50741	0,01
54500	0,144528	0,0289987	0,0336436	0,379703	1,2599	0	1,50741	0,01
54600	0,144528	0,0289987	0,0336436	0,379703	1,2599	0	1,50741	0,01
54700	0,144528	0,0289987	0,0336436	0,379703	1,2599	0	1,50741	0,01
54800	0,144528	0,0289987	0,0336436	0,379703	1,2599	0	1,50741	0,01
54900	0,144528	0,0289987	0,0336436	0,379703	1,2599	0	1,50741	0,01
55000	0,144528	0,0289987	0,0336436	0,379703	1,2599	0	1,50741	0,01
55100	0,144528	0,0289987	0,0336436	0,379703	1,2599	0	1,50741	0,01
55200	0,144528	0,0289987	0,0336436	0,379703	1,2599	0	1,50741	0,01
55300	0,144528	0,0289987	0,0336436	0,379703	1,2599	0	1,50741	0,01
55400	0,144528	0,0289987	0,0336436	0,379703	1,2599	0	1,50741	0,01
55500	0,144528	0,0289987	0,0336436	0,379703	1,2599	0	1,50741	0,01
55600	0,144528	0,0289987	0,0336436	0,379703	1,2599	0	1,50741	0,01
55700	0,144528	0,0289987	0,0336436	0,379703	1,2599	0	1,50741	0,01
55800	0,144528	0,0289987	0,0336436	0,379703	1,2599	0	1,50741	0,01
55900	0,144528	0,0289987	0,0336436	0,379703	1,2599	0	1,50741	0,01
56000	0,144528	0,0289987	0,0336436	0,379703	1,2599	0	1,50741	0,01
56100	0,144528	0,0289987	0,0336436	0,379703	1,2599	0	1,50741	0,01
56200	0,144528	0,0289987	0,0336436	0,379703	1,2599	0	1,50741	0,01
56300	0,144528	0,0289987	0,0336436	0,379703	1,2599	0	1,50741	0,01
56400	0,144528	0,0289987	0,0336436	0,379703	1,2599	0	1,50741	0,01
56500	0,144528	0,0289987	0,0336436	0,379703	1,2599	0	1,50741	0,01
56600	0,144528	0,0289987	0,0336436	0,379703	1,2599	0	1,50741	0,01
56700	0,144528	0,0289987	0,0336436	0,379703	1,2599	0	1,50741	0,01
56800	0,144528	0,0289987	0,0336436	0,379703	1,2599	0	1,50741	0,01
56900	0,144528	0,0289987	0,0336436	0,379703	1,2599	0	1,50741	0,01
57000	0,144528	0,0289987	0,0336436	0,379703	1,2599	0	1,50741	0,01
57100	0,144528	0,0289987	0,0336436	0,379703	1,2599	0	1,50741	0,01
57200	0,144528	0,0289987	0,0336436	0,379703	1,2599	0	1,50741	0,01
57300	0,144528	0,0289987	0,0336436	0,379703	1,2599	0	1,50741	0,01
57400	0,144528	0,0289987	0,0336436	0,379703	1,2599	0	1,50741	0,01
57500	0,144528	0,0289987	0,0336436	0,379703	1,2599	0	1,50741	0,01
57600	0,144528	0,0289987	0,0336436	0,379703	1,2599	0	1,50741	0,01
57700	0,144528	0,0289987	0,0336436	0,379703	1,2599	0	1,50741	0,01
57800	0,144528	0,0289987	0,0336436	0,379703	1,2599	0	1,50741	0,01
57900	0,144528	0,0289987	0,0336436	0,379703	1,2599	0	1,50741	0,01
58000	0,144528	0,0289987	0,0336436	0,379703	1,2599	0	1,50741	0,01
58100	0,144528	0,0289987	0,0336436	0,379703	1,2599	0	1,50741	0,01
58200	0,144528	0,0289987	0,0336436	0,379703	1,2599	0	1,50741	0,01
58300	0,144528	0,0289987	0,0336436	0,379703	1,2599	0	1,50741	0,01
58400	0,144528	0,0289987	0,0336436	0,379703	1,2599	0	1,50741	0,01
58500	0,144528	0,0289987	0,0336436	0,379703	1,2599	0	1,50741	0,01
58600	0,144528	0,0289987	0,0336436	0,379703	1,2599	0	1,50741	0,01
58700	0,144528	0,0289987	0,0336436	0,379703	1,2599	0	1,50741	0,01
58800	0,144528	0,0289987	0,0336436	0,379703	1,2599	0	1,50741	0,01
58900	0,144528	0,0289987	0,0336436	0,379703	1,2599	0	1,50741	0,01
59000	0,144528	0,0289987	0,0336436	0,379703	1,2599	0	1,50741	0,01
59100	0,144528	0,0289987	0,0336436	0,379703	1,2599	0	1,50741	0,01
59200	0,144528	0,0289987	0,0336436	0,379703	1,2599	0	1,50741	0,01
59300	0,144528	0,0289987	0,0336436	0,379703	1,2599	0	1,50741	0,01
59400	0,144528	0,0289987	0,0336436	0,379703	1,2599	0	1,50741	0,01
59500	0,144528	0,0289987	0,0336436	0,379703	1,2599	0	1,50741	0,01
59600	0,144528	0,0289987	0,0336436	0,379703	1,2599	0	1,50741	0,01
59700	0,144528	0,0289987	0,0336436	0,379703	1,2599	0	1,50741	0,01
59800	0,144528	0,0289987	0,0336436	0,379703	1,2599	0	1,50741	0,01
59900	0,144528	0,0289987	0,0336436	0,379703	1,2599	0	1,50741	0,01
60000	0,144528	0,0289987	0,0336436	0,379703	1,2599	0	1,50741	0,01
60100	0,144528	0,0289987	0,0336436	0,379703	1,2599	0	1,50741	0,01
60200	0,144528	0,0289987	0,0336436	0,379703	1,2599	0	1,50741	0,01
60300	0,144528	0,0289987	0,0336436	0,379703	1,2599	0	1,50741	0,01
60400	0,144528	0,0289987	0,0336436	0,379703	1,2599	0	1,50741	0,01
60500	0,144528	0,0289987	0,0336436	0,379703	1,2599	0	1,50741	0,01
60600	0,144528	0,0289987	0,0336436	0,379703	1,2599	0	1,50741	0,01
60700	0,144528	0,0289987	0,0336436	0,379703	1,2599	0	1,50741	0,01
60800	0,144528	0,0289987	0,0336436	0,379703	1,2599	0	1,50741	0,01
60900	0,144528	0,0289987	0,0336436	0,379703	1,2599	0	1,50741	0,01
61000	0,144528	0,0289987	0,0336436	0,379703	1,2599	0	1,50741	0,01
61100	0,144528	0,0289987	0,0336436	0,379703	1,2599	0	1,50741	0,01
61200	0,144528	0,0289987	0,0336436	0,379703	1,2599	0	1,50741	0,01
61300	0,144528	0,0289987	0,0336436	0,379703	1,2599	0	1,50741	0,01
61400	0,144528	0,0289987	0,0336436	0,379703	1,2599	0	1,50741	0,01
61500	0,144528	0,0289987	0,0336436	0,379703	1,2599	0	1,50741	0,01
61600	0,144528	0,0289987	0,0336436	0,379703	1,2599	0	1,50741	0,01
61700	0,144528	0,0289987	0,0336436	0,379703	1,2599	0	1,50741	0,01
61800	0,144528	0,0289987	0,0336436	0,379703	1,2599	0	1,50741	0,01
61900	0,144528	0,0289987	0,0336436	0,379703	1,2599	0	1,50741	0,01
62000	0,144528	0,0289987	0,0336436	0,379703	1,2599	0	1,50741	0,01
62100	0,144528	0,0289987	0,0336436	0,379703	1,2599	0	1,50741	0,01
62200	0,144528	0,0289987	0,0336436	0,379703	1,2599	0	1,50741	0,01
62300	0,144528	0,0289987	0,0336436	0,379703	1,2599	0	1,50741	0,01
62400	0,144528	0,0289987	0,0336436	0,379703	1,2599	0	1,50741	0,01
62500	0,144528	0,0289987	0,0336436	0,379703	1,2599	0	1,50741	0,01
62600	0,144528	0,0289987	0,0336436	0,379703	1,2599	0	1,50741	0,01
62700	0,144528	0,0289987	0,0336436	0,379703	1,2599	0	1,50741	0,01
62800	0,144528	0,0289987	0,0336436	0,379703	1,2599	0	1,50741	0,01
62900	0,144528	0,0289987	0,0336436	0,379703	1,2599	0	1,50741	0,01
63000	0,144528	0,0289987	0,0336436	0,379703	1,2599	0	1,50741	0,01
63100	0,144528	0,0289987	0,0336436	0,379703	1,2599	0	1,50741	0,01
63200	0,144528	0,0289987	0,0336436	0,379703	1,2599	0	1,50741	0,01
63300	0,144528	0,0289987	0,0336436	0,379703	1,2599	0	1,50741	0,01
63400	0,144528	0,0289987	0,0336436	0,379703	1,2599	0	1,50741	0,01
63500	0,144528	0,0289987	0,0336436	0,379703	1,2599	0	1,50741	0,01
63600	0,144528	0,0289987	0,0336436	0,379703	1,2599	0	1,50741	0,01
63700	0,144528	0,0289987	0,0336436	0,379703	1,2599	0	1,50741	0,01
63800	0,144528	0,0289987	0,0336436	0,379703	1,2599	0	1,50741	0,01
63900	0,144528	0,0289987	0,0336436	0,379703	1,2599	0	1,50741	0,01
64000	0,144528	0,0289987	0,0336436	0,379703	1,2599	0	1,50741	0,01
64100	0,144528	0,0289987	0,0336436	0,379703	1,2599	0	1,50741	0,01
64200	0,144528	0,0289987	0,0336436	0,379703	1,2599	0	1,50741	0,01
64300	0,144528	0,0289987	0,0336436	0,379703	1,2599	0	1,50741	0,01
64400	0,144528	0,0289987	0,0336436	0,379703	1,2599	0	1,50741	0,01
64500	0,144528	0,0289987	0,0336436	0,379703	1,2599	0	1,50741	0,01
64600	0,144528	0,0289987	0,0336436	0,379703	1,2599	0	1,50741	0,01
64700	0,144528	0,0289987	0,0336436	0,379703	1,2599	0	1,50741	0,01
64800	0,144528	0,0289987	0,0336436	0,379703	1,2599	0	1,50741	0,01
64900	0,144528	0,0289987	0,0336436	0,379703	1,2599	0	1,50741	0,01
65000	0,144528	0,0289987	0,0336436	0,379703	1,2599	0	1,50741	0,01
65100	0,144528	0,0289987	0,0336436	0,379703	1,2599	0	1,50741	0,01
65200	0,144528	0,0289987	0,0336436	0,379703	1,2599	0	1,50741	0,01
65300	0,144528	0,0289987	0,0336436	0,379703	1,2599	0	1,50741	0,01
65400	0,144528	0,0289987	0,0336436	0,379703	1,2599	0	1,50741	0,01
65500	0,144528	0,0289987	0,0336436	0,379703	1,2599	0	1,50741	0,01
65600	0,144528	0,0289987	0,0336436	0,379703	1,2599	0	1,50741	0,01
65700	0,144528	0,0289987	0,0336436	0,379703	1,2599	0	1,50741	0,01
65800	0,144528	0,0289987	0,0336436	0,379703	1,2599	0	1,50741	0,01
65900	0,144528	0,0289987	0,0336436	0,379703	1,2599	0	1,50741	0,01
66000	0,144528	0,0289987	0,0336436	0,379703	1,2599	0	1,50741	0,01
66100	0,144528	0,0289987	0,0336436	0,379703	1,2599	0	1,50741	0,01
66200	0,144528	0,0289987	0,0336436	0,379703	1,2599	0	1,50741	0,01
66300	0,144528	0,0289987	0,0336436	0,379703	1,2599	0	1,50741	0,01
66400	0,144528	0,0289987	0,0336436	0,379703	1,2599	0	1,50741	0,01
66500	0,144528	0,0289987	0,0336436	0,379703	1,2599	0	1,50741	0,01
66600	0,144528	0,0289987	0,0336436	0,379703	1,2599	0	1,50741	0,01
66700	0,144528	0,0289987	0,0336436	0,379703	1,2599	0	1,50741	0,01
66800	0,144528	0,0289987	0,0336436	0,379703	1,2599	0	1,50741	0,01
66900	0,144528	0,0289987	0,0336436	0,379703	1,2599	0	1,50741	0,01
67000	0,144528	0,0289987	0,0336436	0,379703	1,2599	0	1,50741	0,01
67100	0,144528	0,0289987	0,0336436	0,379703	1,2599	0	1,50741	0,01
67200	0,144528	0,0289987	0,0336436	0,379703	1,2599	0	1,50741	0,01
67300	0,144528	0,0289987	0,0336436	0,379703	1,2599	0	1,50741	0,01
67400	0,144528	0,0289987	0,0336436	0,379703	1,2599	0	1,50741	0,01
67500	0,144528	0,0289987	0,0336436	0,379703	1,2599	0	1,50741	0,01
67600	0,144528	0,0289987	0,0336436	0,379703	1,2599	0	1,50741	0,01
67700	0,144528	0,0289987	0,0336436	0,379703	1,2599	0	1,50741	0,01
67800	0,144528	0,0289987	0,0336436	0,379703	1,2599	0	1,50741	0,01
67900	0,144528	0,0289987	0,0336436	0,379703	1,2599	0	1,50741	0,01
68000	0,144528	0,0289987	0,0336436	0,379703	1,2599	0	1,50741	0,01
68100	0,144528	0,0289987	0,0336436	0,379703	1,2599	0	1,50741	0,01
68200	0,144528	0,0289987	0,0336436	0,379703	1,2599	0	1,50741	0,01
68300	0,144528	0,0289987	0,0336436	0,379703	1,2599	0	1,50741	0,01
68400	0,144528	0,0289987	0,0336436	0,379703	1,2599	0	1,50741	0,01
68500	0,144528	0,0289987	0,0336436	0,379703	1,2599	0	1,50741	0,01
68600	0,144528	0,0289987	0,0336436	0,379703	1,2599	0	1,50741	0,01
68700	0,144528	0,0289987	0,0336436	0,379703	1,2599	0	1,50741	0,01
68800	0,144528	0,0289987	0,0336436	0,379703	1,2599	0	1,50741	0,01
68900	0,144528	0,0289987	0,0336436	0,379703	1,2599	0	1,50741	0,01
69000	0,144528	0,0289987	0,0336436	0,379703	1,2599	0	1,50741	0,01
69100	0,144528	0,0289987	0,0336436	0,379703	1,2599	0	1,50741	0,01
69200	0,144528	0,0289987	0,0336436	0,379703	1,2599	0	1,50741	0,01
69300	0,144528	0,0289987	0,0336436	0,379703	1,2599	0	1,50741	0,01
69400	0,144528	0,0289987	0,0336436	0,379703	1,2599	0	1,50741	0,01
69500	0,144528	0,0289987	0,0336436	0,379703	1,2599	0	1,50741	0,01
69600	0,144528	0,0289987	0,0336436	0,379703	1,2599	0	1,50741	0,01
69700	0,144528	0,0289987	0,0336436	0,379703	1,2599	0	1,50741	0,01
69800	0,144528	0,0289987	0,0336436	0,379703	1,2599	0	1,50741	0,01
69900	0,144528	0,0289987	0,0336436	0,379703	1,2599	0	1,50741	0,01
70000	0,144528	0,0289987	0,0336436	0,379703	1,2599	0	1,50741	0,01
70100	0,144528	0,0289987	0,0336436	0,379703	1,2599	0	1,50741	0,01
70200	0,144528	0,0289987	0,0336436	0,379703	1,2599	0	1,50741	0,01
70300	0,144528	0,0289987	0,0336436	0,379703	1,2599	0	1,50741	0,01
70400	0,144528	0,0289987	0,0336436	0,379703	1,2599	0	1,50741	0,01
70500	0,144528	0,0289987	0,0336436	0,379703	1,2599	0	1,50741	0,01
70600	0,144528	0,0289987	0,0336436	0,379703	1,2599	0	1,50741	0,01
70700	0,144528	0,0289987	0,0336436	0,379703	1,2599	0	1,50741	0,01
70800	0,144528	0,0289987	0,0336436	0,379703	1,2599	0	1,50741	0,01
70900	0,144528	0,0289987	0,0336436	0,379703	1,2599	0	1,50741	0,01
71000	0,144528	0,0289987	0,0336436	0,379703	1,2599	0	1,50741	0,01
71100	0,144528	0,0289987	0,0336436	0,379703	1,2599	0	1,50741	0,01
71200	0,144528	0,0289987	0,0336436	0,379703	1,2599	0	1,50741	0,01
71300	0,144528	0,0289987	0,0336436	0,379703	1,2599	0	1,50741	0,01
71400	0,144528	0,0289987	0,0336436	0,379703	1,2599	0	1,50741	0,01
71500	0,144528	0,0289987	0,0336436	0,379703	1,2599	0	1,50741	0,01
71600	0,144528	0,0289987	0,0336436	0,379703	1,2599	0	1,50741	0,01
71700	0,144528	0,0289987	0,0336436	0,379703	1,2599	0	1,50741	0,01
71800	0,144528	0,0289987	0,0336436	0,379703	1,2599	0	1,50741	0,01
71900	0,144528	0,0289987	0,0336436	0,379703	1,2599	0	1,50741	0,01
72000	0,144528	0,0289987	0,0336436	0,379703	1,2599	0	1,50741	0,01
72100	0,144528	0,0289987	0,0336436	0,379703	1,2599	0	1,50741	0,01
72200	0,144528	0,0289987	0,0336436	0,379703	1,2599	0	1,50741	0,01
72300	0,144528	0,0289987	0,0336436	0,379703	1,2599	0	1,50741	0,01
72400	0,144528	0,0289987	0,0336436	0,379703	1,2599	0	1,50741	0,01
72500	0,144528	0,0289987	0,0336436	0,379703	1,2599	0	1,50741	0,01
72600	0,144528	0,0289987	0,0336436	0,379703	1,2599	0	1,50741	0,01
72700	0,144528	0,0289987	0,0336436	0,379703	1,2599	0	1,50741	0,01
72800	0,144528	0,0289987	0,0336436	0,379703	1,2599	0	1,50741	0,01
72900	0,144528	0,0289987	0,0336436	0,379703	1,2599	0	1,50741	0,01
73000	0,144528	0,0289987	0,0336436	0,379703	1,2599	0	1,50741	0,01
73100	0,144528	0,0289987	0,0336436	0,379703	1,2599	0	1,50741	0,01
73200	0,144528	0,0289987	0,0336436	0,379703	1,2599	0	1,50741	0,01
73300	0,144528	0,0289987	0,0336436	0,379703	1,2599	0	1,50741	0,01
73400	0,144528	0,0289987	0,0336436	0,379703	1,2599	0	1,50741	0,01
73500	0,144528	0,0289987	0,0336436	0,379703	1,2599	0	1,50741	0,01
73600	0,144528	0,0289987	0,0336436	0,379703	1,2599	0	1,50741	0,01
73700	0,144528	0,0289987	0,0336436	0,379703	1,2599	0	1,50741	0,01
73800	0,144528	0,0289987	0,0336436	0,379703	1,2599	0	1,50741	0,01
73900	0,144528	0,0289987	0,0336436	0,379703	1,2599	0	1,50741	0,01
74000	0,144528	0,0289987	0,0336436	0,379703	1,2599	0	1,50741	0,01
74100	0,144528	0,0289987	0,0336436	0,379703	1,2599	0	1,50741	0,01
74200	0,144528	0,0289987	0,0336436	0,379703	1,2599	0	1,50741	0,01
74300	0,144528	0,0289987	0,0336436	0,379703	1,2599	0	1,50741	0,01
74400	0,144528	0,0289987	0,0336436	0,379703	1,2599	0	1,50741	0,01
74500	0,144528	0,0289987	0,0336436	0,379703	1,2599	0	1,50741	0,01
74600	0,144528	0,0289987	0,0336436	0,379703	1,2599	0	1,50741	0,01
74700	0,144528	0,0289987	0,0336436	0,379703	1,2599	0	1,50741	0,01
74800	0,144528	0,0289987	0,0336436	0,379703	1,2599	0	1,50741	0,01
74900	0,144528	0,0289987	0,0336436	0,379703	1,2599	0	1,50741	0,01
75000	0,144528	0,0289987	0,0336436	0,379703	1,2599	0	1,50741	0,01
75100	0,144528	0,0289987	0,0336436	0,379703	1,2599	0	1,50741	0,01
75200	0,144528	0,0289987	0,0336436	0,379703	1,2599	0	1,50741	0,01
75300	0,144528	0,0289987	0,0336436	0,379703	1,2599	0	1,50741	0,01
75400	0,144528	0,0289987	0,0336436	0,379703	1,2599	0	1,50741	0,01
75500	0,144528	0,0289987	0,0336436	0,379703	1,2599	0	1,50741	0,01
75600	0,144528	0,0289987	0,0336436	0,379703	1,2599	0	1,50741	0,01
75700	0,144528	0,0289987	0,0336436	0,379703	1,2599	0	1,50741	0,01
75800	0,144528	0,0289987	0,0336436	0,379703	1,2599	0	1,50741	0,01
75900	0,144528	0,0289987	0,0336436	0,379703	1,2599	0	1,50741	0,01
76000	0,144528	0,0289987	0,0336436	0,379703	1,2599	0	1,50741	0,01
76100	0,144528	0,0289987	0,0336436	0,379703	1,2599	0	1,50741	0,01
76200	0,144528	0,0289987	0,0336436	0,379703	1,2599	0	1,50741	0,01
76300	0,144528	0,0289987	0,0336436	0,379703	1,2599	0	1,50741	0,01
76400	0,144528	0,0289987	0,0336436	0,379703	1,2599	0	1,50741	0,01
76500	0,144528	0,0289987	0,0336436	0,379703	1,2599	0	1,50741	0,01
76600	0,144528	0,0289987	0,0336436	0,379703	1,2599	0	1,50741	0,01
76700	0,144528	0,0289987	0,0336436	0,379703	1,2599	0	1,50741	0,01
76800	0,144528	0,0289987	0,0336436	0,379703	1,2599	0	1,50741	0,01
76900	0,144528	0,0289987	0,0336436	0,379703	1,2599	0	1,50741	0,01
77000	0,144528	0,0289987	0,0336436	0,379703	1,2599	0	1,50741	0,01
77100	0,144528	0,0289987	0,0336436	0,379703	1,2599	0	1,50741	0,01
77200	0,144528	0,0289987	0,0336436	0,379703	1,2599	0	1,50741	0,01
77300	0,144528	0,0289987	0,0336436	0,379703	1,2599	0	1,50741	0,01
77400	0,144528	0,0289987	0,0336436	0,379703	1,2599	0	1,50741	0,01
77500	0,144528	0,0289987	0,0336436	0,379703	1,2599	0	1,50741	0,01
77600	0,144528	0,0289987	0,0336436	0,379703	1,2599	0	1,50741	0,01
77700	0,144528	0,0289987	0,0336436	0,379703	1,2599	0	1,50741	0,01
77800	0,144528	0,0289987	0,0336436	0,379703	1,2599	0	1,50741	0,01
77900	0,144528	0,0289987	0,0336436	0,379703	1,2599	0	1,50741	0,01
78000	0,144528	0,0289987	0,0336436	0,379703	1,2599	0	1,50741	0,01
78100	0,144528	0,0289987	0,0336436	0,379703	1,2599	0	1,50741	0,01
78200	0,144528	0,0289987	0,0336436	0,379703	1,2599	0	1,50741	0,01
78300	0,144528	0,0289987	0,0336436	0,379703	1,2599	0	1,50741	0,01
78400	0,144528	0,0289987	0,0336436	0,379703	1,2599	0	1,50741	0,01
78500	0,144528	0,0289987	0,0336436	0,379703	1,2599	0	1,50741	0,01
78600	0,144528	0,0289987	0,0336436	0,379703	1,2599	0	1,50741	0,01
78700	0,144528	0,0289987	0,0336436	0,379703	1,2599	0	1,50741	0,01
78800	0,144528	0,0289987	0,0336436	0,379703	1,2599	0	1,50741	0,01
78900	0,144528	0,0289987	0,0336436	0,379703	1,2599	0	1,50741	0,01
79000	0,144528	0,0289987	0,0336436	0,379703	1,2599	0	1,50741	0,01
79100	0,144528	0,0289987	0,0336436	0,379703	1,2599	0	1,50741	0,01
79200	0,144528	0,0289987	0,0336436	0,379703	1,2599	0	1,50741	0,01
79300	0,144528	0,0289987	0,0336436	0,379703	1,2599	0	1,50741	0,01
79400	0,144528	0,0289987	0,0336436	0,379703	1,2599	0	1,50741	0,01
79500	0,144528	0,0289987	0,0336436	0,379703	1,2599	0	1,50741	0,01
79600	0,144528	0,0289987	0,0336436	0,379703	1,2599	0	1,50741	0,01
79700	0,144528	0,0289987	0,0336436	0,379703	1,2599	0	1,50741	0,01
79800	0,144528	0,0289987	0,0336436	0,379703	1,2599	0	1,50741	0,01
79900	0,144528	0,0289987	0,0336436	0,379703	1,2599	0	1,50741	0,01
80000	0,144528	0,0289987	0,0336436	0,379703	1,2599	0	1,50741	0,01
80100	0,144528	0,0289987	0,0336436	0,379703	1,2599	0	1,50741	0,01
80200	0,144528	0,0289987	0,0336436	0,379703	1,2599	0	1,50741	0,01
80300	0,144528	0,0289987	0,0336436	0,379703	1,2599	0	1,50741	0,01
80400	0,144528	0,0289987	0,0336436	0,379703	1,2599	0	1,50741	0,01
80500	0,144528	0,0289987	0,0336436	0,379703	1,2599	0	1,50741	0,01
80600	0,144528	0,0289987	0,0336436	0,379703	1,2599	0	1,50741	0,01
80700	0,144528	0,0289987	0,0336436	0,379703	1,2599	0	1,50741	0,01
80800	0,144528	0,0289987	0,0336436	0,379703	1,2599	0	1,50741	0,01
80900	0,144528	0,0289987	0,0336436	0,379703	1,2599	0	1,50741	0,01
81000	0,144528	0,0289987	0,0336436	0,379703	1,2599	0	1,50741	0,01
81100	0,144528	0,0289987	0,0336436	0,379703	1,2599	0	1,50741	0,01
81200	0,144528	0,0289987	0,0336436	0,379703	1,2599	0	1,50741	0,01
81300	0,144528	0,0289987	0,0336436	0,379703	1,2599	0	1,50741	0,01
81400	0,144528	0,0289987	0,0336436	0,379703	1,2599	0	1,50741	0,01
81500	0,144528	0,0289987	0,0336436	0,379703	1,2599	0	1,50741	0,01
81600	0,144528	0,0289987	0,0336436	0,379703	1,2599	0	1,50741	0,01
81700	0,144528	0,0289987	0,0336436	0,379703	1,2599	0	1,50741	0,01
81800	0,144528	0,0289987	0,0336436	0,379703	1,2599	0	1,50741	0,01
81900	0,144528	0,0289987	0,0336436	0,379703	1,2599	0	1,50741	0,01
82000	0,144528	0,0289987	0,0336436	0,379703	1,2599	0	1,50741	0,01
82100	0,144528	0,0289987	0,0336436	0,379703	1,2599	0	1,50741	0,01
82200	0,144528	0,0289987	0,0336436	0,379703	1,2599	0	1,50741	0,01
82300	0,144528	0,0289987	0,0336436	0,379703	1,2599	0	1,50741	0,01
82400	0,144528	0,0289987	0,0336436	0,379703	1,2599	0	1,50741	0,01
82500	0,144528	0,0289987	0,0336436	0,379703	1,2599	0	1,50741	0,01
82600	0,144528	0,0289987	0,0336436	0,379703	1,2599	0	1,50741	0,01
82700	0,144528	0,0289987	0,0336436	0,379703	1,2599	0	1,50741	0,01
82800	0,144528	0,0289987	0,0336436	0,379703	1,2599	0	1,50741	0,01
82900	0,144528	0,0289987	0,0336436	0,379703	1,2599	0	1,50741	0,01
83000	0,144528	0,0289987	0,0336436	0,379703	1,2599	0	1,50741	0,01
83100	0,144528	0,0289987	0,0336436	0,379703	1,2599	0	1,50741	0,01
83200	0,144528	0,0289987	0,0336436	0,379703	1,2599	0	1,50741	0,01
83300	0,144528	0,0289987	0,0336436	0,379703	1,2599	0	1,50741	0,01
83400	0,144528	0,0289987	0,0336436	0,379703	1,2599	0	1,50741	0,01
83500	0,144528	0,0289987	0,0336436	0,379703	1,2599	0	1,50741	0,01
83600	0,144528	0,0289987	0,0336436	0,379703	1,2599	0	1,50741	0,01
83700	0,144528	0,0289987	0,0336436	0,379703	1,2599	0	1,50741	0,01
83800	0,144528	0,0289987	0,0336436	0,379703	1,2599	0	1,50741	0,01
83900	0,144528	0,0289987	0,0336436	0,379703	1,2599	0	1,50741	0,01
84000	0,144528	0,0289987	0,0336436	0,379703	1,2599	0	1,50741	0,01
84100	0,144528	0,0289987	0,0336436	0,379703	1,2599	0	1,50741	0,01
84200	0,144528	0,0289987	0,0336436	0,379703	1,2599	0	1,50741	0,01
84300	0,144528	0,0289987	0,0336436	0,379703	1,2599	0	1,50741	0,01
84400	0,144528	0,0289987	0,0336436	0,379703	1,2599	0	1,50741	0,01
84500	0,144528	0,0289987	0,0336436	0,379703	1,2599	0	1,50741	0,01
84600	0,144528	0,0289987	0,0336436	0,379703	1,2599	0	1,50741	0,01
84700	0,144528	0,0289987	0,0336436	0,379703	1,2599	0	1,50741	0,01
84800	0,144528	0,0289987	0,0336436	0,379703	1,2599	0	1,50741	0,01
84900	0,144528	0,0289987	0,0336436	0,379703	1,2599	0	1,50741	0,01
85000	0,144528	0,0289987	0,0336436	0,379703	1,2599	0	1,50741	0,01
85100	0,144528	0,0289987	0,0336436	0,379703	1,2599	0	1,50741	0,01
85200	0,144528	0,0289987	0,0336436	0,379703	1,2599	0	1,50741	0,01
85300	0,144528	0,0289987	0,0336436	0,379703	1,2599	0	1,50741	0,01
85400	0,144528	0,0289987	0,0336436	0,379703	1,2599	0	1,50741	0,01
85500	0,144528	0,0289987	0,0336436	0,379703	1,2599	0	1,50741	0,01
85600	0,144528	0,0289987	0,0336436	0,379703	1,2599	0	1,50741	0,01
85700	0,144528	0,0289987	0,0336436	0,379703	1,2599	0	1,50741	0,01
85800	0,144528	0,0289987	0,0336436	0,379703	1,2599	0	1,50741	0,01
85900	0,144528	0,0289987	0,0336436	0,379703	1,2599	0	1,50741	0,01
86000	0,144528	0,0289987	0,0336436	0,379703	1,2599	0	1,50741	0,01
86100	0,144528	0,0289987	0,0336436	0,379703	1,2599	0	1,50741	0,01
86200	0,144528	0,0289987	0,0336436	0,379703	1,2599	0	1,50741	0,01
86300	0,144528	0,0289987	0,0336436	0,379703	1,2599	0	1,50741	0,01
86400	0,144528	0,0289987	0,0336436	0,379703	1,2599	0	1,50741	0,01
86500	0,144528	0,0289987	0,0336436	0,379703	1,2599	0	1,50741	0,01
86600	0,144528	0,0289987	0,0336436	0,379703	1,2599	0	1,50741	0,01
86700	0,144528	0,0289987	0,0336436	0,379703	1,2599	0	1,50741	0,01
86800	0,144528	0,0289987	0,0336436	0,379703	1,2599	0	1,50741	0,01
86900	0,144528	0,0289987	0,0336436	0,379703	1,2599	0	1,50741	0,01
87000	0,144528	0,0289987	0,0336436	0,379703	1,2599	0	1,50741	0,01
87100	0,144528	0,0289987	0,0336436	0,379703	1,2599	0	1,50741	0,01
87200	0,144528	0,0289987	0,0336436	0,379703	1,2599	0	1,50741	0,01
87300	0,144528	0,0289987	0,0336436	0,379703	1,2599	0	1,50741	0,01
87400	0,144528	0,0289987	0,0336436	0,379703	1,2599	0	1,50741	0,01
87500	0,144528	0,0289987	0,0336436	0,379703	1,2599	0	1,50741	0,01
87600	0,144528	0,0289987	0,0336436	0,379703	1,2599	0	1,50741	0,01
87700	0,144528	0,0289987	0,0336436	0,379703	1,2599	0	1,50741	0,01
87800	0,144528	0,0289987	0,0336436	0,379703	1,2599	0	1,50741	0,01
87900	0,144528	0,0289987	0,0336436	0,379703	1,2599	0	1,50741	0,01
88000	0,144528	0,0289987	0,0336436	0,379703	1,2599	0	1,50741	0,01
88100	0,144528	0,0289987	0,0336436	0,379703	1,2599	0	1,50741	0,01
88200	0,144528	0,0289987	0,0336436	0,379703	1,2599	0	1,50741	0,01
88300	0,144528	0,0289987	0,0336436	0,379703	1,2599	0	1,50741	0,01
88400	0,144528	0,0289987	0,0336436	0,379703	1,2599	0	1,50741	0,01
88500	0,144528	0,0289987	0,0336436	0,379703	1,2599	0	1,50741	0,01
88600	0,144528	0,0289987	0,0336436	0,379703	1,2599	0	1,50741	0,01
88700	0,144528	0,0289987	0,0336436	0,379703	1,2599	0	1,50741	0,01
88800	0,144528	0,0289987	0,0336436	0,379703	1,2599	0	1,50741	0,01
88900	0,144528	0,0289987	0,0336436	0,379703	1,2599	0	1,50741	0,01
89000	0,144528	0,0289987	0,0336436	0,379703	1,2599	0	1,50741	0,01
89100	0,144528	0,0289987	0,0336436	0,379703	1,2599	0	1,50741	0,01
89200	0,144528	0,0289987	0,0336436	0,379703	1,2599	0	1,50741	0,01
89300	0,144528	0,0289987	0,0336436	0,379703	1,2599	0	1,50741	0,01
89400	0,144528	0,0289987	0,0336436	0,379703	1,2599	0	1,50741	0,01
89500	0,144528	0,0289987	0,0336436	0,379703	1,2599	0	1,50741	0,01
89600	0,144528	0,0289987	0,0336436	0,379703	1,2599	0	1,50741	0,01
89700	0,144528	0,0289987	0,0336436	0,379703	1,2599	0	1,50741	0,01
89800	0,144528	0,0289987	0,0336436	0,379703	1,2599	0	1,50741	0,01
89900	0,144528	0,0289987	0,0336436	0,379703	1,2599	0	1,50741	0,01
90000	0,144528	0,0289987	0,0336436	0,379703	1,2599	0	1,50741	0,01
90100	0,144528	0,0289987	0,0336436	0,379703	1,2599	0	1,50741	0,01
90200	0,144528	0,0289987	0,0336436	0,379703	1,2599	0	1,50741	0,01
90300	0,144528	0,0289987	0,0336436	0,379703	1,2599	0	1,50741	0,01
90400	0,144528	0,0289987	0,0336436	0,379703	1,2599	0	1,50741	0,01
90500	0,144528	0,0289987	0,0336436	0,379703	1,2599	0	1,50741	0,01
90600	0,144528	0,0289987	0,0336436	0,379703	1,2599	0	1,50741	0,01
90700	0,144528	0,0289987	0,0336436	0,379703	1,2599	0	1,50741	0,01
90800	0,144528	0,0289987	0,0336436	0,379703	1,2599	0	1,50741	0,01
90900	0,144528	0,0289987	0,0336436	0,379703	1,2599	0	1,50741	0,01
91000	0,144528	0,0289987	0,0336436	0,379703	1,2599	0	1,50741	0,01
91100	0,144528	0,0289987	0,0336436	0,379703	1,2599	0	1,50741	0,01
91200	0,144528	0,0289987	0,0336436	0,379703	1,2599	0	1,50741	0,01
91300	0,144528	0,0289987	0,0336436	0,379703	1,2599	0	1,50741	0,01
91400	0,144528	0,0289987	0,0336436	0,379703	1,2599	0	1,50741	0,01
91500	0,144528	0,0289987	0,0336436	0,379703	1,2599	0	1,50741	0,01
91600	0,144528	0,0289987	0,0336436	0,379703	1,2599	0	1,50741	0,01
91700	0,144528	0,0289987	0,0336436	0,379703	1,2599	0	1,50741	0,01
91800	0,144528	0,0289987	0,0336436	0,379703	1,2599	0	1,50741	0,01
91900	0,144528	0,0289987	0,0336436	0,379703	1,2599	0	1,50741	0,01
92000	0,144528	0,0289987	0,0336436	0,379703	1,2599	0	1,50741	0,01
92100	0,144528	0,0289987	0,0336436	0,379703	1,2599	0	1,50741	0,01
92200	0,144528	0,0289987	0,0336436	0,379703	1,2599	0	1,50741	0,01
92300	0,144528	0,0289987	0,0336436	0,379703	1,2599	0	1,50741	0,01
92400	0,144528	0,0289987	0,0336436	0,379703	1,2599	0	1,50741	0,01
92500	0,144528	0,0289987	0,0336436	0,379703	1,2599	0	1,50741	0,01
92600	0,144528	0,0289987	0,0336436	0,379703	1,2599	0	1,50741	0,01
92700	0,144528	0,0289987	0,0336436	0,379703	1,2599	0	1,50741	0,01
92800	0,144528	0,0289987	0,0336436	0,379703	1,2599	0	1,50741	0,01
92900	0,144528	0,0289987	0,0336436	0,379703	1,2599	0	1,50741	0,01
93000	0,144528	0,0289987	0,0336436	0,379703	1,2599	0	1,50741	0,01
93100	0,144528	0,0289987	0,0336436	0,379703	1,2599	0	1,50741	0,01
93200	0,144528	0,0289987	0,0336436	0,379703	1,2599	0	1,50741	0,01
93300	0,144528	0,0289987	0,0336436	0,379703	1,2599	0	1,50741	0,01
93400	0,144528	0,0289987	0,0336436	0,379703	1,2599	0	1,50741	0,01
93500	0,144528	0,0289987	0,0336436	0,379703	1,2599	0	1,50741	0,01
93600	0,144528	0,0289987	0,0336436	0,379703	1,2599	0	1,50741	0,01
93700	0,144528	0,0289987	0,0336436	0,379703	1,2599	0	1,50741	0,01
93800	0,144528	0,0289987	0,0336436	0,379703	1,2599	0	1,50741	0,01
93900	0,144528	0,0289987	0,0336436	0,379703	1,2599	0	1,50741	0,01
94000	0,144528	0,0289987	0,0336436	0,379703	1,2599	0	1,50741	0,01
94100	0,144528	0,0289987	0,0336436	0,379703	1,2599	0	1,50741	0,01
94200	0,144528	0,0289987	0,0336436	0,379703	1,2599	0	1,50741	0,01
94300	0,144528	0,0289987	0,0336436	0,379703	1,2599	0	1,50741	0,01
94400	0,144528	0,0289987	0,0336436	0,379703	1,2599	0	1,50741	0,01
94500	0,144528	0,0289987	0,0336436	0,379703	1,2599	0	1,50741	0,01
94600	0,144528	0,0289987	0,0336436	0,379703	1,2599	0	1,50741	0,01
94700	0,144528	0,0289987	0,0336436	0,379703	1,2599	0	1,50741	0,01
94800	0,144528	0,0289987	0,0336436	0,379703	1,2599	0	1,50741	0,01
94900	0,144528	0,0289987	0,0336436	0,379703	1,2599	0	1,50741	0,01
95000	0,144528	0,0289987	0,0336436	0,379703	1,2599	0	1,50741	0,01
95100	0,144528	0,0289987	0,0336436	0,379703	1,2599	0	1,50741	0,01
95200	0,144528	0,0289987	0,0336436	0,379703	1,2599	0	1,50741	0,01
95300	0,144528	0,0289987	0,0336436	0,379703	1,2599	0	1,50741	0,01
95400	0,144528	0,0289987	0,0336436	0,379703	1,2599	0	1,50741	0,01
95500	0,144528	0,0289987	0,0336436	0,379703	1,2599	0	1,50741	0,01
95600	0,144528	0,0289987	0,0336436	0,379703	1,2599	0	1,50741	0,01
95700	0,144528	0,0289987	0,0336436	0,379703	1,2599	0	1,50741	0,01
95800	0,144528	0,0289987	0,0336436	0,379703	1,2599	0	1,50741	0,01
95900	0,144528	0,0289987	0,0336436	0,379703	1,2599	0	1,50741	0,01
96000	0,144528	0,0289987	0,0336436	0,379703	1,2599	0	1,50741	0,01
96100	0,144528	0,0289987	0,0336436	0,379703	1,2599	0	1,50741	0,01
96200	0,144528	0,0289987	0,0336436	0,379703	1,2599	0	1,50741	0,01
96300	0,144528	0,0289987	0,0336436	0,379703	1,2599	0	1,50741	0,01
96400	0,144528	0,0289987	0,0336436	0,379703	1,2599	0	1,50741	0,01
96500	0,144528	0,0289987	0,0336436	0,379703	1,2599	0	1,50741	0,01
96600	0,144528	0,0289987	0,0336436	0,379703	1,2599	0	1,50741	0,01
96700	0,144528	0,0289987	0,0336436	0,379703	1,2599	0	1,50741	0,01
96800	0,144528	0,0289987	0,0336436	0,379703	1,2599	0	1,50741	0,01
96900	0,144528	0,0289987	0,0336436	0,379703	1,2599	0	1,50741	0,01
97000	0,144528	0,0289987	0,0336436	0,379703	1,2599	0	1,50741	0,01
97100	0,144528	0,0289987	0,0336436	0,379703	1,2599	0	1,50741	0,01
97200	0,144528	0,0289987	0,0336436	0,379703	1,2599	0	1,50741	0,01
97300	0,144528	0,0289987	0,0336436	0,379703	1,2599	0	1,50741	0,01
97400	0,144528	0,0289987	0,0336436	0,379703	1,2599	0	1,50741	0,01
97500	0,144528	0,0289987	0,0336436	0,379703	1,2599	0	1,50741	0,01
97600	0,144528	0,0289987	0,0336436	0,379703	1,2599	0	1,50741	0,01
97700	0,144528	0,0289987	0,0336436	0,379703	1,2599	0	1,50741	0,01
97800	0,144528	0,0289987	0,0336436	0,379703	1,2599	0	1,50741	0,01
97900	0,144528	0,0289987	0,0336436	0,379703	1,2599	0	1,50741	0,01
98000	0,144528	0,0289987	0,0336436	0,379703	1,2599	0	1,50741	0,01
98100	0,144528	0,0289987	0,0336436	0,379703	1,2599	0	1,50741	0,01
98200	0,144528	0,0289987	0,0336436	0,379703	1,2599	0	1,50741	0,01
98300	0,144528	0,0289987	0,0336436	0,379703	1,2599	0	1,50741	0,01
98400	0,144528	0,0289987	0,0336436	0,379703	1,2599	0	1,50741	0,01
98500	0,144528	0,0289987	0,0336436	0,379703	1,2599	0	1,50741	0,01
98600	0,144528	0,0289987	0,0336436	0,379703	1,2599	0	1,50741	0,01
98700	0,144528	0,0289987	0,0336436	0,379703	1,2599	0	1,50741	0,01
98800	0,144528	0,0289987	0,0336436	0,379703	1,2599	0	1,50741	0,01
98900	0,144528	0,0289987	0,0336436	0,379703	1,2599	0	1,50741	0,01
99000	0,144528	0,0289987	0,0336436	0,379703	1,2599	0	1,50741	0,01
99100	0,144528	0,0289987	0,0336436	0,379703	1,2599	0	1,50741	0,01
99200	0,144528	0,0289987	0,0336436	0,379703	1,2599	0	1,50741	0,01
99300	0,144528	0,0289987	0,0336436	0,379703	1,2599	0	1,50741	0,01
99400	0,144528	0,0289987	0,0336436	0,379703	1,2599	0	1,50741	0,01
99500	0,144528	0,0289987	0,0336436	0,379703	1,2599	0	1,50741	0,01
99600	0,144528	0,0289987	0,0336436	0,379703	1,2599	0	1,50741	0,01
99700	0,144528	0,0289987	0,0336436	0,379703	1,2599	0	1,50741	0,01
99800	0,144528	0,0289987	0,0336436	0,379703	1,2599	0	1,50741	0,01
99900	0,144528	0,0289987	0,0336436	0,379703	1,2599	0	1,50741	0,01
